    Finished `release` profile [optimized + debuginfo] target(s) in 0.01s
     Running `target/release/tri`
775886
682070
124075253
17972257
17130918
17777743
17720416
17445667
18520463
16962521
18151657
17312690
17308178
18558512
17865683
17979758
18040857
17346842
17348339
17488146
17023306
18665761
17549997
18480055
17570366
17166102
18489431
17536455
17209174
18567955
17038012
18612119
17575863
16976536
18500143
19697619
18258279
17178844
16812273
18243412
17251408
17381722
18178938
17269699
18028804
17389587
16903394
18623961
17248476
17003181
18339273
16978464
18066584
17466383
16930562
18333502
17729127
17716585
18104398
17980926
19568531
18468822
18718384
19022030
17903315
19227200
18007460
17879411
17975978
17951015
19330278
18167960
19022577
18853111
18009984
19452298
18198549
18218341
18843024
18573672
19997750
17772617
20322713
18740276
21410679
21024884
18569819
18413520
18232823
22623434
24652932
19437523
25815582
26425685
26921061
27320637
27337507
27926827
30105946
42307037
29066166
26362243
31016437
21661562
18168384
20155531
17709407
20390844
17941739
19243911
20042647
18505596
19986470
20585114
19014782
18900223
18716281
21474528
18241130
18820073
18082986
18203556
18628978
18385129
17978257
18810373
17898963
19382323
18750082
18341720
19312238
18163217
19663054
17921753
19530402
19174072
17572211
18599427
17920768
18717567
19306150
18107526
18603346
18869514
20289312
18820327
17959337
20110573
17757899
18182998
18183807
17626688
18286681
17685904
18259848
21834201
17650589
21461266
17411808
19003626
17478728
17003775
19746778
17223182
18216402
17903767
17742496
19051489
17540622
17496212
18790575
17722629
17897606
19070436
17802756
18468274
17915384
18859803
17945172
17857325
18432867
18044475
18005786
18327409
17954961
18564226
18047469
18143511
18106409
17722423
20270151
18326321
18648836
19183364
17525242
19139761
17896156
18227930
19119697
17576123
18751697
17866957
23179931
18783688
17688131
19066943
18012002
17740099
17888078
16914678
17496059
17026179
17095791
17616691
17238806
17089866
17320593
17101098
16872271
16874707
17074131
17330952
17216914
16978490
17476370
17326228
16762873
17175083
17095136
16927167
16866764
18866584
18416118
18403594
17482401
17466691
17515233
18934555
17608281
17219826
18407964
17151519
18084625
17213838
17186939
18620684
16884478
17857394
18613108
17825882
19284314
17926571
17582437
18340380
19059491
20754717
18236440
20473310
18534008
18845794
21685680
20924692
19866027
18746538
18292101
19728467
18377781
18503332
17919541
18261140
18224726
17899160
17958093
17490404
17744019
17814695
18007212
17551992
17768658
17778311
18201546
Descendant { selectors: [Class("_cropped-image-link_style_centerImage__1rzYI")] } -> [1666]
Descendant { selectors: [Class("_cropped-image-link_style_cropped-image-link__3winf")] } -> [1662]
Descendant { selectors: [Class("_cropped-image-link_style_fluidImageContainer__2jd50"), Class("_cropped-image-link_style_fluidImage__iJ3aE")] } -> [1671]
Descendant { selectors: [Class("_cropped-image-link_style_fluidImageContainer__2jd50")] } -> [1669]
Descendant { selectors: [Class("_fluid-fat-image-link-v2_singleLinkStyle_bodyFooterLink__9LvH0")] } -> [1854, 2877, 5186]
Descendant { selectors: [Class("_fluid-fat-image-link-v2_style_fluidFatImageLink__1nw4J")] } -> [1844, 2867, 5176]
Descendant { selectors: [Class("_fluid-fat-image-link-v2_style_fluidImageContainer__2SOMr"), Class("_fluid-fat-image-link-v2_style_fluidImage__gTBjA")] } -> [1861, 2884, 5193]
Descendant { selectors: [Class("_fluid-fat-image-link-v2_style_fluidImageContainer__2SOMr")] } -> [1859, 2882, 5191]
Descendant { selectors: [Class("_fluid-fat-image-link-v2_style_fluidImageContainer__2vGwp")] } -> [1857, 2880, 5189]
Descendant { selectors: [Class("_fluid-quad-image-label-v2_style_centerImage__30wh-")] } -> [1922, 1940, 1960, 1978, 2051, 2069, 2089, 2107, 2180, 2198, 2218, 2236, 2500, 2518, 2538, 2556, 2629, 2647, 2667, 2685, 2758, 2776, 2796, 2814, 3370, 3388, 3408, 3426, 3499, 3517, 3537, 3555, 3628, 3646, 3666, 3684, 3762, 3780, 3800, 3818, 4281, 4299, 4319, 4337, 4410, 4428, 4448, 4466, 4544, 4562, 4582, 4600, 4673, 4691, 4711, 4729, 5255, 5273, 5293, 5311, 5383, 5401, 5421, 5439, 5511, 5529, 5549, 5567]
Descendant { selectors: [Class("_fluid-quad-image-label-v2_style_fluidImageContainer__2SOMr"), Class("_fluid-quad-image-label-v2_style_fluidImage__gTBjA")] } -> [1928, 1946, 1966, 1984, 2057, 2075, 2095, 2113, 2186, 2204, 2224, 2242, 2506, 2524, 2544, 2562, 2635, 2653, 2673, 2691, 2764, 2782, 2802, 2820, 3376, 3394, 3414, 3432, 3505, 3523, 3543, 3561, 3634, 3652, 3672, 3690, 3768, 3786, 3806, 3824, 4287, 4305, 4325, 4343, 4416, 4434, 4454, 4472, 4550, 4568, 4588, 4606, 4679, 4697, 4717, 4735, 5261, 5279, 5299, 5317, 5389, 5407, 5427, 5445, 5517, 5535, 5555, 5573]
Descendant { selectors: [Class("_fluid-quad-image-label-v2_style_fluidImageContainer__2SOMr")] } -> [1926, 1944, 1964, 1982, 2055, 2073, 2093, 2111, 2184, 2202, 2222, 2240, 2504, 2522, 2542, 2560, 2633, 2651, 2671, 2689, 2762, 2780, 2800, 2818, 3374, 3392, 3412, 3430, 3503, 3521, 3541, 3559, 3632, 3650, 3670, 3688, 3766, 3784, 3804, 3822, 4285, 4303, 4323, 4341, 4414, 4432, 4452, 4470, 4548, 4566, 4586, 4604, 4677, 4695, 4715, 4733, 5259, 5277, 5297, 5315, 5387, 5405, 5425, 5443, 5515, 5533, 5553, 5571]
Descendant { selectors: [Class("_fluid-quad-image-label-v2_style_fluidQuadImageLabelBody__3tld0")] } -> [1916, 2045, 2174, 2494, 2623, 2752, 3364, 3493, 3622, 3756, 4275, 4404, 4538, 4667, 5249, 5377, 5505]
Descendant { selectors: [Class("_fluid-quad-image-label-v2_style_fluidQuadImageLabel__3b-Iv")] } -> [1906, 2035, 2164, 2484, 2613, 2742, 3354, 3483, 3612, 3746, 4265, 4394, 4528, 4657, 5239, 5367, 5495]
Descendant { selectors: [Class("_fluid-quad-image-label-v2_style_gridRowOne__1t0zL")] } -> [1918, 2047, 2176, 2496, 2625, 2754, 3366, 3495, 3624, 3758, 4277, 4406, 4540, 4669, 5251, 5379, 5507]
Descendant { selectors: [Class("_fluid-quad-image-label-v2_style_gridRowTwo__15woW")] } -> [1956, 2085, 2214, 2534, 2663, 2792, 3404, 3533, 3662, 3796, 4315, 4444, 4578, 4707, 5289, 5417, 5545]
Descendant { selectors: [Class("_fluid-quad-image-label-v2_style_imageLabel__3ANSV")] } -> [1933, 1951, 1971, 1989, 2062, 2080, 2100, 2118, 2191, 2209, 2229, 2247, 2511, 2529, 2549, 2567, 2640, 2658, 2678, 2696, 2769, 2787, 2807, 2825, 3381, 3399, 3419, 3437, 3510, 3528, 3548, 3566, 3639, 3657, 3677, 3695, 3773, 3791, 3811, 3829, 4292, 4310, 4330, 4348, 4421, 4439, 4459, 4477, 4555, 4573, 4593, 4611, 4684, 4702, 4722, 4740, 5266, 5284, 5304, 5322, 5394, 5412, 5432, 5450, 5522, 5540, 5560, 5578]
Descendant { selectors: [Class("_fluid-quad-image-label-v2_style_leftQuadrant__21nVp")] } -> [1920, 1958, 2049, 2087, 2178, 2216, 2498, 2536, 2627, 2665, 2756, 2794, 3368, 3406, 3497, 3535, 3626, 3664, 3760, 3798, 4279, 4317, 4408, 4446, 4542, 4580, 4671, 4709, 5253, 5291, 5381, 5419, 5509, 5547]
Descendant { selectors: [Class("_fluid-quad-image-label-v2_style_quadrantContainer__3TMqG")] } -> [1920, 1938, 1958, 1976, 2049, 2067, 2087, 2105, 2178, 2196, 2216, 2234, 2498, 2516, 2536, 2554, 2627, 2645, 2665, 2683, 2756, 2774, 2794, 2812, 3368, 3386, 3406, 3424, 3497, 3515, 3535, 3553, 3626, 3644, 3664, 3682, 3760, 3778, 3798, 3816, 4279, 4297, 4317, 4335, 4408, 4426, 4446, 4464, 4542, 4560, 4580, 4598, 4671, 4689, 4709, 4727, 5253, 5271, 5291, 5309, 5381, 5399, 5419, 5437, 5509, 5527, 5547, 5565]
Descendant { selectors: [Class("_fluid-quad-image-label-v2_style_rightQuadrant__PI01n")] } -> [1938, 1976, 2067, 2105, 2196, 2234, 2516, 2554, 2645, 2683, 2774, 2812, 3386, 3424, 3515, 3553, 3644, 3682, 3778, 3816, 4297, 4335, 4426, 4464, 4560, 4598, 4689, 4727, 5271, 5309, 5399, 5437, 5527, 5565]
Descendant { selectors: [Class("_quad-category-card_desktopStyle_cardBody__3Rdh1")] } -> [2324]
Descendant { selectors: [Class("_quad-category-card_desktopStyle_categoryImage__35jKN")] } -> [2363, 2392, 2421]
Descendant { selectors: [Class("_quad-category-card_desktopStyle_category__3flCQ")] } -> [2357, 2386, 2415]
Descendant { selectors: [Class("_quad-category-card_desktopStyle_heroCategory__3KS3k")] } -> [2326]
Descendant { selectors: [Class("_quad-category-card_desktopStyle_heroImage__2V8-9")] } -> [2332]
Descendant { selectors: [Class("_quad-category-card_desktopStyle_heroLink__1EhW2")] } -> [2328]
Descendant { selectors: [Class("_quad-category-card_desktopStyle_leftMost__1LmQB")] } -> [2357]
Descendant { selectors: [Class("_quad-category-card_fluid_fluidCardBody__3TzJ4")] } -> [2324]
Descendant { selectors: [Class("_quad-category-card_fluid_fluidCard__3hmFA")] } -> [2303]
Descendant { selectors: [Class("_quad-category-card_style_fluidImageContainer__2jd50"), Class("_quad-category-card_style_fluidImage__iJ3aE")] } -> [2336, 2367, 2396, 2425]
Descendant { selectors: [Class("_quad-category-card_style_fluidImageContainer__2jd50")] } -> [2334, 2365, 2394, 2423]
Descendant { selectors: [Class("_text-link-stripe-v2_style_textlinkstripe__3aQhz")] } -> [1795]
Descendant { selectors: [Class("card-flow-row-break")] } -> [2274, 2852, 3136, 3328, 3722, 3856, 4047, 4239, 4504, 4767, 4958, 5150, 5216, 5605, 5796]
Descendant { selectors: [Class("gw-auto-height")] } -> [2945, 3143, 3862, 4054, 4773, 4965, 5611]
Descendant { selectors: [Class("gw-card-layout"), Class("a-cardui"), Class("a-cardui-body")] } -> [2324]
Descendant { selectors: [Class("gw-card-layout"), Class("a-cardui"), Class("a-cardui-footer")] } -> [1866, 1994, 2123, 2252, 2444, 2572, 2701, 2830, 2889, 3442, 3571, 3700, 3834, 4353, 4482, 4616, 4745, 5198, 5327, 5455, 5583]
Descendant { selectors: [Class("gw-card-layout"), Class("a-cardui"), Class("a-cardui-header")] } -> [1849, 1911, 2040, 2169, 2308, 2489, 2618, 2747, 2872, 3359, 3488, 3617, 3751, 4270, 4399, 4533, 4662, 5181, 5244, 5372, 5500]
Descendant { selectors: [Class("gw-card-layout"), Class("a-cardui")] } -> [1844, 1906, 2035, 2164, 2303, 2484, 2613, 2742, 2867, 3354, 3483, 3612, 3746, 4265, 4394, 4528, 4657, 5176, 5239, 5367, 5495]
Descendant { selectors: [Class("gw-card-layout"), Class("a-size-base-plus")] } -> [2343, 2374, 2403, 2432]
Descendant { selectors: [Class("gw-card-layout"), Class("a-size-small")] } -> [1935, 1953, 1973, 1991, 2064, 2082, 2102, 2120, 2193, 2211, 2231, 2249, 2513, 2531, 2551, 2569, 2642, 2660, 2680, 2698, 2771, 2789, 2809, 2827, 3383, 3401, 3421, 3439, 3512, 3530, 3550, 3568, 3641, 3659, 3679, 3697, 3775, 3793, 3813, 3831, 4294, 4312, 4332, 4350, 4423, 4441, 4461, 4479, 4557, 4575, 4595, 4613, 4686, 4704, 4724, 4742, 5268, 5286, 5306, 5324, 5396, 5414, 5434, 5452, 5524, 5542, 5562, 5580]
Descendant { selectors: [Class("gw-card-layout"), Type("h2")] } -> [1851, 1913, 2042, 2171, 2310, 2491, 2620, 2749, 2874, 2978, 3173, 3361, 3490, 3619, 3753, 3892, 4084, 4272, 4401, 4535, 4664, 4803, 4995, 5183, 5246, 5374, 5502, 5641]
Descendant { selectors: [Class("gw-card-layout")] } -> [1814, 2940]
Descendant { selectors: [Class("gw-col")] } -> [1822, 1884, 2016, 2145, 2281, 2465, 2594, 2723, 2859, 2945, 3143, 3335, 3464, 3593, 3727, 3862, 4054, 4246, 4375, 4509, 4638, 4773, 4965, 5157, 5221, 5349, 5477, 5611]
Descendant { selectors: [Class("nav-sprite-v1"), Class("nav-icon")] } -> [910, 1234, 1268, 1287, 1323]
Descendant { selectors: [Class("truncate-2line")] } -> [1851, 1913, 1935, 1953, 1973, 1991, 2042, 2064, 2082, 2102, 2120, 2171, 2193, 2211, 2231, 2249, 2491, 2513, 2531, 2551, 2569, 2620, 2642, 2660, 2680, 2698, 2749, 2771, 2789, 2809, 2827, 2874, 3361, 3383, 3401, 3421, 3439, 3490, 3512, 3530, 3550, 3568, 3619, 3641, 3659, 3679, 3697, 3753, 3775, 3793, 3813, 3831, 4272, 4294, 4312, 4332, 4350, 4401, 4423, 4441, 4461, 4479, 4535, 4557, 4575, 4595, 4613, 4664, 4686, 4704, 4724, 4742, 5183, 5246, 5268, 5286, 5306, 5324, 5374, 5396, 5414, 5434, 5452, 5502, 5524, 5542, 5562, 5580]
Descendant { selectors: [Id("gw-desktop-herotator"), Class("a-carousel-viewport")] } -> [1634]
Descendant { selectors: [Id("icp-touch-link-cop")] } -> [6278]
Descendant { selectors: [Id("icp-touch-link-country")] } -> [6295]
Descendant { selectors: [Id("icp-touch-link-language")] } -> [6252]
Descendant { selectors: [Type("span")] } -> [477, 485, 489, 493, 521, 529, 533, 537, 541, 545, 573, 581, 585, 589, 593, 597, 625, 633, 637, 641, 645, 649, 676, 684, 688, 692, 696, 700, 727, 771, 774, 778, 791, 811, 816, 905, 1167, 1176, 1213, 1216, 1220, 1223, 1258, 1263, 1280, 1284, 1287, 1300, 1306, 1314, 1319, 1323, 1364, 1629, 1756, 1760, 1799, 1868, 1874, 1877, 1935, 1953, 1973, 1991, 2000, 2006, 2009, 2064, 2082, 2102, 2120, 2129, 2135, 2138, 2193, 2211, 2231, 2249, 2258, 2264, 2267, 2312, 2318, 2321, 2341, 2343, 2349, 2352, 2372, 2374, 2380, 2383, 2401, 2403, 2409, 2412, 2430, 2432, 2438, 2441, 2449, 2455, 2458, 2513, 2531, 2551, 2569, 2578, 2584, 2587, 2642, 2660, 2680, 2698, 2707, 2713, 2716, 2771, 2789, 2809, 2827, 2836, 2842, 2845, 2891, 2897, 2900, 2980, 2983, 2995, 3009, 3023, 3037, 3051, 3065, 3079, 3101, 3108, 3110, 3112, 3114, 3175, 3178, 3190, 3204, 3218, 3232, 3246, 3260, 3274, 3296, 3303, 3305, 3307, 3309, 3383, 3401, 3421, 3439, 3448, 3454, 3457, 3512, 3530, 3550, 3568, 3577, 3583, 3586, 3641, 3659, 3679, 3697, 3706, 3712, 3715, 3775, 3793, 3813, 3831, 3840, 3846, 3849, 3894, 3897, 3909, 3923, 3937, 3951, 3965, 3979, 3993, 4015, 4022, 4024, 4026, 4028, 4086, 4089, 4101, 4115, 4129, 4143, 4157, 4171, 4185, 4207, 4214, 4216, 4218, 4220, 4294, 4312, 4332, 4350, 4359, 4365, 4368, 4423, 4441, 4461, 4479, 4488, 4494, 4497, 4557, 4575, 4595, 4613, 4622, 4628, 4631, 4686, 4704, 4724, 4742, 4751, 4757, 4760, 4805, 4808, 4820, 4834, 4848, 4862, 4876, 4890, 4904, 4926, 4933, 4935, 4937, 4939, 4997, 5000, 5012, 5026, 5040, 5054, 5068, 5082, 5096, 5118, 5125, 5127, 5129, 5131, 5200, 5206, 5209, 5268, 5286, 5306, 5324, 5333, 5339, 5342, 5396, 5414, 5434, 5452, 5461, 5467, 5470, 5524, 5542, 5562, 5580, 5589, 5595, 5598, 5643, 5646, 5658, 5672, 5686, 5700, 5714, 5728, 5742, 5764, 5771, 5773, 5775, 5777, 5909, 5933, 6083, 6227, 6243, 6263, 6283, 6286, 6302, 6304, 6330, 6348, 6368, 6386, 6404, 6422, 6438, 6454, 6472, 6490, 6508, 6526, 6544, 6562, 6578, 6596, 6614, 6632, 6650, 6668, 6686, 6712, 6730, 6748, 6766, 6782, 6833, 6837, 7574, 7588, 7602, 7616, 7630, 7644, 7658, 7672, 7686]
Descendant { selectors: [Type("svg")] } -> [940]
[src/tri.rs:486:5] unsafe { MISS_CNT } = 160652
