    Finished `release` profile [optimized + debuginfo] target(s) in 0.01s
     Running `target/release/bit`
24151377
104252
348374
2388602
BEGIN
.app-badge -> [3542, 3557]
.app-badge a -> [3545, 3560]
.app-badges .footer-sidebar-content -> [3515]
.app-badges .footer-sidebar-text -> [3518]
.app-badges ul -> [3540]
.bookshelf -> [1093, 1251, 1666, 2389, 3265]
.bookshelf .text -> [1096, 1254, 1669, 2392, 3268]
.bookshelf-container -> [1090, 1248, 1663, 2386, 3262]
.central-featured -> [113]
.central-featured-lang -> [121, 145, 169, 193, 217, 241, 265, 289, 313, 337]
.central-featured-lang .link-box -> [126, 150, 174, 198, 222, 246, 270, 294, 318, 342]
.central-featured-lang small -> [136, 160, 184, 208, 232, 256, 280, 304, 328, 352]
.central-featured-lang strong -> [133, 157, 181, 205, 229, 253, 277, 301, 325, 349]
.central-featured-logo -> [91]
.central-textlogo -> [88]
.central-textlogo-wrapper -> [99]
.central-textlogo__image -> [102]
.footer -> [3477]
.footer hr -> [3972]
.footer-sidebar -> [3481, 3512]
.footer-sidebar-content -> [3484, 3515]
.footer-sidebar-text -> [3491, 3496, 3518]
.hlist li -> [1117, 1126, 1132, 1139, 1146, 1155, 1161, 1167, 1176, 1182, 1189, 1195, 1201, 1207, 1213, 1220, 1226, 1232, 1239, 1275, 1281, 1288, 1294, 1300, 1307, 1314, 1321, 1328, 1334, 1340, 1346, 1352, 1358, 1365, 1371, 1377, 1384, 1391, 1398, 1405, 1411, 1417, 1426, 1433, 1439, 1445, 1451, 1457, 1463, 1470, 1476, 1483, 1490, 1496, 1503, 1507, 1512, 1518, 1525, 1531, 1548, 1554, 1560, 1566, 1573, 1579, 1585, 1591, 1597, 1604, 1610, 1617, 1624, 1631, 1640, 1646, 1655, 1690, 1696, 1702, 1709, 1715, 1722, 1728, 1735, 1741, 1747, 1754, 1761, 1767, 1774, 1780, 1786, 1792, 1799, 1805, 1814, 1820, 1826, 1832, 1838, 1844, 1850, 1856, 1862, 1871, 1878, 1884, 1890, 1896, 1902, 1908, 1914, 1920, 1926, 1933, 1939, 1945, 1952, 1958, 1965, 1971, 1977, 1990, 1999, 2006, 2013, 2019, 2025, 2031, 2037, 2044, 2051, 2058, 2067, 2074, 2081, 2087, 2094, 2101, 2107, 2113, 2120, 2127, 2134, 2141, 2150, 2159, 2165, 2171, 2177, 2183, 2189, 2196, 2203, 2210, 2217, 2224, 2230, 2236, 2242, 2249, 2258, 2264, 2270, 2276, 2282, 2288, 2295, 2301, 2307, 2313, 2319, 2325, 2331, 2338, 2345, 2354, 2360, 2366, 2372, 2378, 2413, 2426, 2433, 2439, 2446, 2453, 2460, 2466, 2472, 2478, 2487, 2493, 2500, 2506, 2512, 2518, 2525, 2531, 2538, 2545, 2551, 2557, 2563, 2569, 2575, 2582, 2588, 2597, 2603, 2609, 2616, 2622, 2628, 2634, 2640, 2646, 2652, 2658, 2665, 2671, 2677, 2687, 2693, 2700, 2706, 2712, 2718, 2724, 2730, 2736, 2742, 2749, 2756, 2762, 2768, 2777, 2783, 2789, 2795, 2802, 2809, 2815, 2822, 2828, 2834, 2840, 2846, 2852, 2858, 2864, 2870, 2876, 2882, 2888, 2894, 2901, 2907, 2913, 2920, 2926, 2932, 2938, 2944, 2950, 2956, 2962, 2968, 2975, 2981, 2987, 2993, 2999, 3005, 3011, 3018, 3024, 3030, 3036, 3042, 3048, 3054, 3060, 3066, 3072, 3078, 3085, 3092, 3098, 3104, 3110, 3116, 3123, 3129, 3135, 3141, 3147, 3153, 3160, 3166, 3172, 3178, 3185, 3192, 3200, 3206, 3212, 3218, 3224, 3230, 3236, 3242, 3248, 3254, 3289, 3295, 3301, 3307, 3314, 3321, 3327, 3333, 3339, 3346, 3352, 3358, 3364, 3370, 3377, 3383, 3389, 3396, 3402, 3409, 3416, 3422, 3428, 3434, 3440, 3446, 3452]
.hlist li > ul -> [1506]
.hlist ul -> [1115, 1273, 1506, 1688, 2411, 3287]
.hlist ul ul -> [1506]
.js-enabled .central-featured -> [113]
.js-enabled .jsl10n -> [106, 1070, 1103, 1261, 1676, 2399, 3275, 3464, 3491, 3503, 3524, 3528, 3535, 3550, 3565, 3598, 3603, 3628, 3633, 3658, 3663, 3688, 3693, 3718, 3723, 3748, 3753, 3778, 3783, 3808, 3813, 3838, 3843, 3868, 3873, 3898, 3903, 3928, 3933, 3958, 3963, 3977, 3985, 3992]
.js-enabled .lang-list-container -> [1083]
.jsl10n-visible .central-featured -> [113]
.jsl10n-visible .jsl10n -> [106, 1070, 1103, 1261, 1676, 2399, 3275, 3464, 3491, 3503, 3524, 3528, 3535, 3550, 3565, 3598, 3603, 3628, 3633, 3658, 3663, 3688, 3693, 3718, 3723, 3748, 3753, 3778, 3783, 3808, 3813, 3838, 3843, 3868, 3873, 3898, 3903, 3928, 3933, 3958, 3963, 3977, 3985, 3992]
.lang-list-border -> [1080]
.lang-list-button -> [1061]
.lang-list-button i -> [1067, 1075]
.lang-list-button-text -> [1070]
.lang-list-button-wrapper -> [1058]
.lang-list-container -> [1083]
.lang-list-content -> [1086]
.lang1 -> [121]
.lang10 -> [337]
.lang2 -> [145]
.lang3 -> [169]
.lang4 -> [193]
.lang5 -> [217]
.lang6 -> [241]
.lang7 -> [265]
.lang8 -> [289]
.lang9 -> [313]
.langlist -> [1111, 1269, 1684, 2407, 3283, 3460]
.langlist-others -> [3460]
.langlist > ul -> [1115, 1273, 1688, 2411, 3287]
.langlist > ul > li -> [1117, 1126, 1132, 1139, 1146, 1155, 1161, 1167, 1176, 1182, 1189, 1195, 1201, 1207, 1213, 1220, 1226, 1232, 1239, 1275, 1281, 1288, 1294, 1300, 1307, 1314, 1321, 1328, 1334, 1340, 1346, 1352, 1358, 1365, 1371, 1377, 1384, 1391, 1398, 1405, 1411, 1417, 1426, 1433, 1439, 1445, 1451, 1457, 1463, 1470, 1476, 1483, 1490, 1496, 1503, 1518, 1525, 1531, 1548, 1554, 1560, 1566, 1573, 1579, 1585, 1591, 1597, 1604, 1610, 1617, 1624, 1631, 1640, 1646, 1655, 1690, 1696, 1702, 1709, 1715, 1722, 1728, 1735, 1741, 1747, 1754, 1761, 1767, 1774, 1780, 1786, 1792, 1799, 1805, 1814, 1820, 1826, 1832, 1838, 1844, 1850, 1856, 1862, 1871, 1878, 1884, 1890, 1896, 1902, 1908, 1914, 1920, 1926, 1933, 1939, 1945, 1952, 1958, 1965, 1971, 1977, 1990, 1999, 2006, 2013, 2019, 2025, 2031, 2037, 2044, 2051, 2058, 2067, 2074, 2081, 2087, 2094, 2101, 2107, 2113, 2120, 2127, 2134, 2141, 2150, 2159, 2165, 2171, 2177, 2183, 2189, 2196, 2203, 2210, 2217, 2224, 2230, 2236, 2242, 2249, 2258, 2264, 2270, 2276, 2282, 2288, 2295, 2301, 2307, 2313, 2319, 2325, 2331, 2338, 2345, 2354, 2360, 2366, 2372, 2378, 2413, 2426, 2433, 2439, 2446, 2453, 2460, 2466, 2472, 2478, 2487, 2493, 2500, 2506, 2512, 2518, 2525, 2531, 2538, 2545, 2551, 2557, 2563, 2569, 2575, 2582, 2588, 2597, 2603, 2609, 2616, 2622, 2628, 2634, 2640, 2646, 2652, 2658, 2665, 2671, 2677, 2687, 2693, 2700, 2706, 2712, 2718, 2724, 2730, 2736, 2742, 2749, 2756, 2762, 2768, 2777, 2783, 2789, 2795, 2802, 2809, 2815, 2822, 2828, 2834, 2840, 2846, 2852, 2858, 2864, 2870, 2876, 2882, 2888, 2894, 2901, 2907, 2913, 2920, 2926, 2932, 2938, 2944, 2950, 2956, 2962, 2968, 2975, 2981, 2987, 2993, 2999, 3005, 3011, 3018, 3024, 3030, 3036, 3042, 3048, 3054, 3060, 3066, 3072, 3078, 3085, 3092, 3098, 3104, 3110, 3116, 3123, 3129, 3135, 3141, 3147, 3153, 3160, 3166, 3172, 3178, 3185, 3192, 3200, 3206, 3212, 3218, 3224, 3230, 3236, 3242, 3248, 3254, 3289, 3295, 3301, 3307, 3314, 3321, 3327, 3333, 3339, 3346, 3352, 3358, 3364, 3370, 3377, 3383, 3389, 3396, 3402, 3409, 3416, 3422, 3428, 3434, 3440, 3446, 3452]
.langlist > ul > li a -> [1118, 1127, 1133, 1140, 1147, 1156, 1162, 1168, 1177, 1183, 1190, 1196, 1202, 1208, 1214, 1221, 1227, 1233, 1240, 1276, 1282, 1289, 1295, 1301, 1308, 1315, 1322, 1329, 1335, 1341, 1347, 1353, 1359, 1366, 1372, 1378, 1385, 1392, 1399, 1406, 1412, 1418, 1427, 1434, 1440, 1446, 1452, 1458, 1464, 1471, 1477, 1484, 1491, 1497, 1508, 1513, 1519, 1526, 1532, 1549, 1555, 1561, 1567, 1574, 1580, 1586, 1592, 1598, 1605, 1611, 1618, 1625, 1632, 1641, 1647, 1656, 1691, 1697, 1703, 1710, 1716, 1723, 1729, 1736, 1742, 1748, 1755, 1762, 1768, 1775, 1781, 1787, 1793, 1800, 1806, 1815, 1821, 1827, 1833, 1839, 1845, 1851, 1857, 1863, 1872, 1879, 1885, 1891, 1897, 1903, 1909, 1915, 1921, 1927, 1934, 1940, 1946, 1953, 1959, 1966, 1972, 1978, 1991, 2000, 2007, 2014, 2020, 2026, 2032, 2038, 2045, 2052, 2059, 2068, 2075, 2082, 2088, 2095, 2102, 2108, 2114, 2121, 2128, 2135, 2142, 2151, 2160, 2166, 2172, 2178, 2184, 2190, 2197, 2204, 2211, 2218, 2225, 2231, 2237, 2243, 2250, 2259, 2265, 2271, 2277, 2283, 2289, 2296, 2302, 2308, 2314, 2320, 2326, 2332, 2339, 2346, 2355, 2361, 2367, 2373, 2379, 2414, 2427, 2434, 2440, 2447, 2454, 2461, 2467, 2473, 2479, 2488, 2494, 2501, 2507, 2513, 2519, 2526, 2532, 2539, 2546, 2552, 2558, 2564, 2570, 2576, 2583, 2589, 2598, 2604, 2610, 2617, 2623, 2629, 2635, 2641, 2647, 2653, 2659, 2666, 2672, 2678, 2688, 2694, 2701, 2707, 2713, 2719, 2725, 2731, 2737, 2743, 2750, 2757, 2763, 2769, 2778, 2784, 2790, 2796, 2803, 2810, 2816, 2823, 2829, 2835, 2841, 2847, 2853, 2859, 2865, 2871, 2877, 2883, 2889, 2895, 2902, 2908, 2914, 2921, 2927, 2933, 2939, 2945, 2951, 2957, 2963, 2969, 2976, 2982, 2988, 2994, 3000, 3006, 3012, 3019, 3025, 3031, 3037, 3043, 3049, 3055, 3061, 3067, 3073, 3079, 3086, 3093, 3099, 3105, 3111, 3117, 3124, 3130, 3136, 3142, 3148, 3154, 3161, 3167, 3173, 3179, 3186, 3193, 3201, 3207, 3213, 3219, 3225, 3231, 3237, 3243, 3249, 3255, 3290, 3296, 3302, 3308, 3315, 3322, 3328, 3334, 3340, 3347, 3353, 3359, 3365, 3371, 3378, 3384, 3390, 3397, 3403, 3410, 3417, 3423, 3429, 3435, 3441, 3447, 3453]
.localized-slogan -> [106]
.other-project -> [3581, 3611, 3641, 3671, 3701, 3731, 3761, 3791, 3821, 3851, 3881, 3911, 3941]
.other-project-icon -> [3588, 3618, 3648, 3678, 3708, 3738, 3768, 3798, 3828, 3858, 3888, 3918, 3948]
.other-project-link -> [3584, 3614, 3644, 3674, 3704, 3734, 3764, 3794, 3824, 3854, 3884, 3914, 3944]
.other-project-tagline -> [3603, 3633, 3663, 3693, 3723, 3753, 3783, 3813, 3843, 3873, 3903, 3933, 3963]
.other-project-text -> [3595, 3625, 3655, 3685, 3715, 3745, 3775, 3805, 3835, 3865, 3895, 3925, 3955]
.other-project-title -> [3598, 3628, 3658, 3688, 3718, 3748, 3778, 3808, 3838, 3868, 3898, 3928, 3958]
.other-projects -> [3576]
.pure-button -> [1036]
.pure-button-primary-progressive -> [1036]
.pure-form fieldset -> [370]
.pure-form input -> [372, 387, 1046]
.screen-reader-text -> [381]
.search-container -> [360]
.search-container .js-langpicker-label -> [5439]
.search-container .search-input -> [377]
.search-container button -> [1036]
.search-container button .svg-search-icon -> [1040]
.search-container fieldset -> [370]
.search-container input -> [372, 387, 1046]
.site-license -> [3974]
.site-license small -> [3977, 3985, 3992]
.sprite -> [102, 1031, 1040, 1067, 1075, 3487, 3521, 3550, 3565, 3591, 3621, 3651, 3681, 3711, 3741, 3771, 3801, 3831, 3861, 3891, 3921, 3951]
.styled-select -> [403]
.styled-select .hide-arrow -> [406]
.styled-select select -> [409]
.styled-select-active-helper -> [1027]
.svg-arrow-down -> [1031]
.svg-arrow-down-blue -> [1075]
.svg-badge_google_play_store -> [3550]
.svg-badge_ios_app_store -> [3565]
.svg-language-icon -> [1067]
.svg-search-icon -> [1040]
.svg-wikipedia_app_tile -> [3521]
a -> [126, 150, 174, 198, 222, 246, 270, 294, 318, 342, 1118, 1127, 1133, 1140, 1147, 1156, 1162, 1168, 1177, 1183, 1190, 1196, 1202, 1208, 1214, 1221, 1227, 1233, 1240, 1276, 1282, 1289, 1295, 1301, 1308, 1315, 1322, 1329, 1335, 1341, 1347, 1353, 1359, 1366, 1372, 1378, 1385, 1392, 1399, 1406, 1412, 1418, 1427, 1434, 1440, 1446, 1452, 1458, 1464, 1471, 1477, 1484, 1491, 1497, 1508, 1513, 1519, 1526, 1532, 1549, 1555, 1561, 1567, 1574, 1580, 1586, 1592, 1598, 1605, 1611, 1618, 1625, 1632, 1641, 1647, 1656, 1691, 1697, 1703, 1710, 1716, 1723, 1729, 1736, 1742, 1748, 1755, 1762, 1768, 1775, 1781, 1787, 1793, 1800, 1806, 1815, 1821, 1827, 1833, 1839, 1845, 1851, 1857, 1863, 1872, 1879, 1885, 1891, 1897, 1903, 1909, 1915, 1921, 1927, 1934, 1940, 1946, 1953, 1959, 1966, 1972, 1978, 1991, 2000, 2007, 2014, 2020, 2026, 2032, 2038, 2045, 2052, 2059, 2068, 2075, 2082, 2088, 2095, 2102, 2108, 2114, 2121, 2128, 2135, 2142, 2151, 2160, 2166, 2172, 2178, 2184, 2190, 2197, 2204, 2211, 2218, 2225, 2231, 2237, 2243, 2250, 2259, 2265, 2271, 2277, 2283, 2289, 2296, 2302, 2308, 2314, 2320, 2326, 2332, 2339, 2346, 2355, 2361, 2367, 2373, 2379, 2414, 2427, 2434, 2440, 2447, 2454, 2461, 2467, 2473, 2479, 2488, 2494, 2501, 2507, 2513, 2519, 2526, 2532, 2539, 2546, 2552, 2558, 2564, 2570, 2576, 2583, 2589, 2598, 2604, 2610, 2617, 2623, 2629, 2635, 2641, 2647, 2653, 2659, 2666, 2672, 2678, 2688, 2694, 2701, 2707, 2713, 2719, 2725, 2731, 2737, 2743, 2750, 2757, 2763, 2769, 2778, 2784, 2790, 2796, 2803, 2810, 2816, 2823, 2829, 2835, 2841, 2847, 2853, 2859, 2865, 2871, 2877, 2883, 2889, 2895, 2902, 2908, 2914, 2921, 2927, 2933, 2939, 2945, 2951, 2957, 2963, 2969, 2976, 2982, 2988, 2994, 3000, 3006, 3012, 3019, 3025, 3031, 3037, 3043, 3049, 3055, 3061, 3067, 3073, 3079, 3086, 3093, 3099, 3105, 3111, 3117, 3124, 3130, 3136, 3142, 3148, 3154, 3161, 3167, 3173, 3179, 3186, 3193, 3201, 3207, 3213, 3219, 3225, 3231, 3237, 3243, 3249, 3255, 3290, 3296, 3302, 3308, 3315, 3322, 3328, 3334, 3340, 3347, 3353, 3359, 3365, 3371, 3378, 3384, 3390, 3397, 3403, 3410, 3417, 3423, 3429, 3435, 3441, 3447, 3453, 3464, 3499, 3528, 3545, 3560, 3584, 3614, 3644, 3674, 3704, 3734, 3764, 3794, 3824, 3854, 3884, 3914, 3944, 3981, 3988, 3995]
body -> [83]
button -> [1036, 1061]
fieldset -> [370]
h1 -> [99]
hr -> [3474, 3972]
html -> [13, 14]
html input -> [372, 387, 1046]
img -> [91]
input -> [372, 387, 1046]
main -> [86]
select -> [409]
small -> [136, 160, 184, 208, 232, 256, 280, 304, 328, 352, 3977, 3985, 3992]
strong -> [106, 133, 157, 181, 205, 229, 253, 277, 301, 325, 349, 3524]
END
[src/bit.rs:566:5] unsafe { MISS_CNT } = 1941
