    Finished `release` profile [optimized + debuginfo] target(s) in 0.04s
     Running `target/release/bit`
8761133
2210
589041
117104
381
3424817
539
319
119612
3213657
402
90344
3216518
306
112221
3422206
393
102957
3569700
1148
90902
3175309
482
86114
3163706
462
93756
3331574
450
102358
3185055
292
90739
3094501
989
144232
5040461
1274
94650
3121139
318
93558
2863849
511
final_rule_matches: {
    ".gssb_m": [
        513,
    ],
    ".gbsbic": [
        172,
    ],
    "#gbi5": [
        291,
    ],
    "#gbi4s1": [
        270,
    ],
    "#gbztms1": [
        157,
    ],
    "#gbmm": [
        172,
    ],
    ".gbtsa": [
        154,
    ],
    ".gbmtc": [
        175,
        182,
        189,
        196,
        203,
        210,
        217,
        224,
        231,
        235,
        305,
        311,
        315,
    ],
    ".gbxx": [
        250,
    ],
    ".gbt": [
        56,
        67,
        78,
        89,
        100,
        111,
        122,
        133,
        144,
        257,
        273,
        277,
    ],
    ".gbsb .gbsbt": [
        244,
    ],
    ".gbz0l .gbts": [
        64,
    ],
    ".gsq_a": [
        549,
        585,
        620,
        655,
        690,
        725,
        760,
        795,
        830,
        865,
    ],
    ".gbzt .gbts": [
        64,
        75,
        86,
        97,
        108,
        119,
        130,
        141,
    ],
    ".gssb_e": [
        510,
    ],
    ".gbmc": [
        169,
        300,
    ],
    ".gbtb2": [
        62,
        73,
        84,
        95,
        106,
        117,
        128,
        139,
        152,
        265,
        286,
    ],
    ".gssb_c": [
        499,
    ],
    "#gbgs5": [
        288,
    ],
    ".gbm": [
        165,
        296,
    ],
    ".gssb_g": [
        907,
    ],
    ".gbma": [
        160,
    ],
    ".gbtcb": [
        51,
        253,
    ],
    "#gbz .gbzt": [
        58,
        69,
        80,
        91,
        102,
        113,
        124,
        135,
    ],
    "#gbg5": [
        279,
    ],
    ".gsfs": [
        581,
        616,
        651,
        686,
        721,
        756,
        791,
        826,
        861,
        896,
        901,
        962,
        985,
        1008,
        1031,
        1054,
        1077,
        1100,
        1123,
        1146,
        1169,
        1200,
        1223,
        1246,
        1269,
        1292,
        1315,
        1338,
        1361,
        1384,
        1407,
        1438,
        1461,
        1484,
        1507,
        1530,
        1553,
        1576,
        1599,
        1622,
        1645,
        1676,
        1699,
        1722,
        1745,
        1768,
        1791,
        1814,
        1837,
        1860,
        1883,
        1914,
        1937,
        1960,
        1983,
        2006,
        2029,
        2052,
        2075,
        2098,
        2121,
        2152,
        2175,
        2198,
        2221,
        2244,
        2267,
        2290,
        2313,
        2336,
        2359,
        2390,
        2413,
        2436,
        2459,
        2482,
        2505,
        2528,
        2551,
        2574,
        2597,
        2628,
        2651,
        2674,
        2697,
        2720,
        2743,
        2766,
        2789,
        2812,
        2835,
        2866,
        2889,
        2912,
        2935,
        2958,
        2981,
        3004,
        3027,
        3058,
        3081,
        3104,
        3127,
        3150,
        3173,
        3196,
        3219,
        3242,
        3265,
        3296,
        3319,
        3342,
        3365,
        3388,
        3411,
        3434,
        3457,
        3480,
        3511,
        3534,
        3557,
        3580,
        3603,
        3626,
        3649,
        3672,
    ],
    "#gbx4": [
        323,
    ],
    ".gbmh": [
        233,
        313,
    ],
    ".lst": [
        375,
    ],
    ".gbgt": [
        146,
        259,
        279,
    ],
    "#gbg .gbtcb": [
        253,
    ],
    ".ds": [
        372,
        392,
        405,
        916,
        928,
    ],
    ".gbmcc": [
        172,
        302,
    ],
    ".gbsbis .gbsbt": [
        244,
    ],
    "#gbx3": [
        321,
    ],
    ".gbmt": [
        177,
        184,
        191,
        198,
        205,
        212,
        219,
        226,
        233,
        237,
        307,
        313,
        317,
    ],
    ".gbtc": [
        53,
        255,
    ],
    ".lsb": [
        396,
        409,
        909,
        921,
    ],
    "#gws-output-pages-elements-homepage_additional_languages__als": [
        445,
    ],
    ".lsbb": [
        394,
        407,
        917,
        929,
    ],
    ".gbts": [
        64,
        75,
        86,
        97,
        108,
        119,
        130,
        141,
        154,
        267,
        275,
        288,
    ],
    ".gssb_f": [
        507,
    ],
    ".gbtb .gbts": [
        275,
    ],
}
[src/bit.rs:554:5] unsafe { MISS_CNT } = 1627
