warning: unused import: `process::exit`
 --> src/quad.rs:9:5
  |
9 |     process::exit,
  |     ^^^^^^^^^^^^^
  |
  = note: `#[warn(unused_imports)]` on by default

warning: unused variable: `nfa`
   --> src/quad.rs:380:14
    |
380 | fn get_input(nfa: &NFA) -> Vec<OState> {
    |              ^^^ help: if this is intentional, prefix it with an underscore: `_nfa`
    |
    = note: `#[warn(unused_variables)]` on by default

warning: variable does not need to be mutable
   --> src/quad.rs:381:9
    |
381 |     let mut input = vec![OState::OZero; unsafe { STATE } + 1];
    |         ----^^^^^
    |         |
    |         help: remove this `mut`
    |
    = note: `#[warn(unused_mut)]` on by default

warning: `css-bitvector-compiler` (bin "quad") generated 3 warnings (run `cargo fix --bin "quad"` to apply 2 suggestions)
    Finished `release` profile [optimized + debuginfo] target(s) in 0.01s
     Running `target/release/quad`
230
146
94
292
109
237
238
102
85
137
238
129
134
139
578
318
112
89
157
114
483
86
95
113
80
126
126
84
117
126
142
106
256
103
108
168
152
81
75
91
95
99
101
124
final_rule_matches:
#gb -> [42]
#gbg -> [248]
#gbg .gbtcb -> [253]
#gbg5 -> [279]
#gbgs5 -> [288]
#gbi4s1 -> [270]
#gbi5 -> [291]
#gbmm -> [172]
#gbx3 -> [321]
#gbx4 -> [323]
#gbz -> [49]
#gbz .gbtcb -> [51]
#gbztms1 -> [157]
#gws-output-pages-elements-homepage_additional_languages__als -> [445]
.ds -> [372, 392, 405, 916, 928]
.fl a -> [431]
.gbgt -> [146, 259, 279]
.gbm -> [165, 296]
.gbma -> [160]
.gbmc -> [169, 300]
.gbmcc -> [172, 302]
.gbmh -> [233, 313]
.gbmt -> [177, 184, 191, 198, 205, 212, 219, 226, 233, 237, 307, 313, 317]
.gbmtc -> [175, 182, 189, 196, 203, 210, 217, 224, 231, 235, 305, 311, 315]
.gbsb -> [169]
.gbsb .gbsbb -> [246]
.gbsb .gbsbt -> [244]
.gbsbic -> [172]
.gbsbis .gbsbb -> [246]
.gbsbis .gbsbt -> [244]
.gbt -> [56, 67, 78, 89, 100, 111, 122, 133, 144, 257, 273, 277]
.gbtb .gbts -> [275]
.gbtb2 -> [62, 73, 84, 95, 106, 117, 128, 139, 152, 265, 286]
.gbtc -> [53, 255]
.gbtcb -> [51, 253]
.gbts -> [64, 75, 86, 97, 108, 119, 130, 141, 154, 267, 275, 288]
.gbtsa -> [154]
.gbxx -> [250]
.gbz0l .gbtb2 -> [62]
.gbz0l .gbts -> [64]
.gbzt -> [58, 69, 80, 91, 102, 113, 124, 135]
.gbzt .gbts -> [64, 75, 86, 97, 108, 119, 130, 141]
.gsfs -> [581, 616, 651, 686, 721, 756, 791, 826, 861, 896, 901, 962, 985, 1008, 1031, 1054, 1077, 1100, 1123, 1146, 1169, 1200, 1223, 1246, 1269, 1292, 1315, 1338, 1361, 1384, 1407, 1438, 1461, 1484, 1507, 1530, 1553, 1576, 1599, 1622, 1645, 1676, 1699, 1722, 1745, 1768, 1791, 1814, 1837, 1860, 1883, 1914, 1937, 1960, 1983, 2006, 2029, 2052, 2075, 2098, 2121, 2152, 2175, 2198, 2221, 2244, 2267, 2290, 2313, 2336, 2359, 2390, 2413, 2436, 2459, 2482, 2505, 2528, 2551, 2574, 2597, 2628, 2651, 2674, 2697, 2720, 2743, 2766, 2789, 2812, 2835, 2866, 2889, 2912, 2935, 2958, 2981, 3004, 3027, 3058, 3081, 3104, 3127, 3150, 3173, 3196, 3219, 3242, 3265, 3296, 3319, 3342, 3365, 3388, 3411, 3434, 3457, 3480, 3511, 3534, 3557, 3580, 3603, 3626, 3649, 3672]
.gsq_a -> [549, 585, 620, 655, 690, 725, 760, 795, 830, 865]
.gssb_a -> [581, 616, 651, 686, 721, 756, 791, 826, 861, 896, 962, 985, 1008, 1031, 1054, 1077, 1100, 1123, 1146, 1169, 1200, 1223, 1246, 1269, 1292, 1315, 1338, 1361, 1384, 1407, 1438, 1461, 1484, 1507, 1530, 1553, 1576, 1599, 1622, 1645, 1676, 1699, 1722, 1745, 1768, 1791, 1814, 1837, 1860, 1883, 1914, 1937, 1960, 1983, 2006, 2029, 2052, 2075, 2098, 2121, 2152, 2175, 2198, 2221, 2244, 2267, 2290, 2313, 2336, 2359, 2390, 2413, 2436, 2459, 2482, 2505, 2528, 2551, 2574, 2597, 2628, 2651, 2674, 2697, 2720, 2743, 2766, 2789, 2812, 2835, 2866, 2889, 2912, 2935, 2958, 2981, 3004, 3027, 3058, 3081, 3104, 3127, 3150, 3173, 3196, 3219, 3242, 3265, 3296, 3319, 3342, 3365, 3388, 3411, 3434, 3457, 3480, 3511, 3534, 3557, 3580, 3603, 3626, 3649, 3672]
.gssb_c -> [499]
.gssb_e -> [510]
.gssb_f -> [507]
.gssb_g -> [907]
.gssb_m -> [513]
.lsb -> [396, 409, 909, 921]
.lsbb -> [394, 407, 917, 929]
.lst -> [375]
.sblc -> [426]
.sblc a -> [431]
a -> [58, 69, 80, 91, 102, 113, 124, 135, 146, 177, 184, 191, 198, 205, 212, 219, 226, 237, 259, 279, 307, 317, 431, 452, 463, 466, 469, 472, 478, 482]
body -> [35]
form -> [343]
input -> [358, 362, 366, 369, 375, 396, 409, 422, 434, 524, 527, 909, 921]
p -> [475]
td -> [352, 355, 426, 507, 510, 558, 581, 594, 616, 629, 651, 664, 686, 699, 721, 734, 756, 769, 791, 804, 826, 839, 861, 874, 896, 901, 962, 985, 1008, 1031, 1054, 1077, 1100, 1123, 1146, 1169, 1200, 1223, 1246, 1269, 1292, 1315, 1338, 1361, 1384, 1407, 1438, 1461, 1484, 1507, 1530, 1553, 1576, 1599, 1622, 1645, 1676, 1699, 1722, 1745, 1768, 1791, 1814, 1837, 1860, 1883, 1914, 1937, 1960, 1983, 2006, 2029, 2052, 2075, 2098, 2121, 2152, 2175, 2198, 2221, 2244, 2267, 2290, 2313, 2336, 2359, 2390, 2413, 2436, 2459, 2482, 2505, 2528, 2551, 2574, 2597, 2628, 2651, 2674, 2697, 2720, 2743, 2766, 2789, 2812, 2835, 2866, 2889, 2912, 2935, 2958, 2981, 3004, 3027, 3058, 3081, 3104, 3127, 3150, 3173, 3196, 3219, 3242, 3265, 3296, 3319, 3342, 3365, 3388, 3411, 3434, 3457, 3480, 3511, 3534, 3557, 3580, 3603, 3626, 3649, 3672]
[src/quad.rs:474:5] unsafe { MISS_CNT } = 317
