    Finished `release` profile [optimized + debuginfo] target(s) in 0.01s
     Running `target/release/naive`
MATCH .ds  -> [372, 392, 405, 916, 928]
MATCH .fl  a  -> [431]
MATCH .gbgt  -> [146, 259, 279]
MATCH .gbm  -> [165, 296]
MATCH .gbma  -> [160]
MATCH .gbmc  -> [169, 300]
MATCH .gbmcc  -> [172, 302]
MATCH .gbmh  -> [233, 313]
MATCH .gbmt  -> [177, 184, 191, 198, 205, 212, 219, 226, 233, 237, 307, 313, 317]
MATCH .gbmtc  -> [175, 182, 189, 196, 203, 210, 217, 224, 231, 235, 305, 311, 315]
MATCH .gbsb  .gbsbb  -> [246]
MATCH .gbsb  .gbsbt  -> [244]
MATCH .gbsb  -> [169]
MATCH .gbsbic  -> [172]
MATCH .gbsbis  .gbsbb  -> [246]
MATCH .gbsbis  .gbsbt  -> [244]
MATCH .gbt  -> [56, 67, 78, 89, 100, 111, 122, 133, 144, 257, 273, 277]
MATCH .gbtb  .gbts  -> [275]
MATCH .gbtb2  -> [62, 73, 84, 95, 106, 117, 128, 139, 152, 265, 286]
MATCH .gbtc  -> [53, 255]
MATCH .gbtcb  -> [51, 253]
MATCH .gbts  -> [64, 75, 86, 97, 108, 119, 130, 141, 154, 267, 275, 288]
MATCH .gbtsa  -> [154]
MATCH .gbxx  -> [250]
MATCH .gbz0l  .gbtb2  -> [62]
MATCH .gbz0l  .gbts  -> [64]
MATCH .gbzt  .gbts  -> [64, 75, 86, 97, 108, 119, 130, 141]
MATCH .gbzt  -> [58, 69, 80, 91, 102, 113, 124, 135]
MATCH .gsfs  -> [581, 616, 651, 686, 721, 756, 791, 826, 861, 896, 901, 962, 985, 1008, 1031, 1054, 1077, 1100, 1123, 1146, 1169, 1200, 1223, 1246, 1269, 1292, 1315, 1338, 1361, 1384, 1407, 1438, 1461, 1484, 1507, 1530, 1553, 1576, 1599, 1622, 1645, 1676, 1699, 1722, 1745, 1768, 1791, 1814, 1837, 1860, 1883, 1914, 1937, 1960, 1983, 2006, 2029, 2052, 2075, 2098, 2121, 2152, 2175, 2198, 2221, 2244, 2267, 2290, 2313, 2336, 2359, 2390, 2413, 2436, 2459, 2482, 2505, 2528, 2551, 2574, 2597, 2628, 2651, 2674, 2697, 2720, 2743, 2766, 2789, 2812, 2835, 2866, 2889, 2912, 2935, 2958, 2981, 3004, 3027, 3058, 3081, 3104, 3127, 3150, 3173, 3196, 3219, 3242, 3265, 3296, 3319, 3342, 3365, 3388, 3411, 3434, 3457, 3480, 3511, 3534, 3557, 3580, 3603, 3626, 3649, 3672]
MATCH .gsq_a  -> [549, 585, 620, 655, 690, 725, 760, 795, 830, 865]
MATCH .gssb_a  td  -> [558, 594, 629, 664, 699, 734, 769, 804, 839, 874]
MATCH .gssb_a  -> [581, 616, 651, 686, 721, 756, 791, 826, 861, 896, 962, 985, 1008, 1031, 1054, 1077, 1100, 1123, 1146, 1169, 1200, 1223, 1246, 1269, 1292, 1315, 1338, 1361, 1384, 1407, 1438, 1461, 1484, 1507, 1530, 1553, 1576, 1599, 1622, 1645, 1676, 1699, 1722, 1745, 1768, 1791, 1814, 1837, 1860, 1883, 1914, 1937, 1960, 1983, 2006, 2029, 2052, 2075, 2098, 2121, 2152, 2175, 2198, 2221, 2244, 2267, 2290, 2313, 2336, 2359, 2390, 2413, 2436, 2459, 2482, 2505, 2528, 2551, 2574, 2597, 2628, 2651, 2674, 2697, 2720, 2743, 2766, 2789, 2812, 2835, 2866, 2889, 2912, 2935, 2958, 2981, 3004, 3027, 3058, 3081, 3104, 3127, 3150, 3173, 3196, 3219, 3242, 3265, 3296, 3319, 3342, 3365, 3388, 3411, 3434, 3457, 3480, 3511, 3534, 3557, 3580, 3603, 3626, 3649, 3672]
MATCH .gssb_c  -> [499]
MATCH .gssb_e  -> [510]
MATCH .gssb_f  -> [507]
MATCH .gssb_g  -> [907]
MATCH .gssb_m  -> [513]
MATCH .lsb  -> [396, 409, 909, 921]
MATCH .lsbb  -> [394, 407, 917, 929]
MATCH .lst  -> [375]
MATCH .sblc  a  -> [431]
MATCH .sblc  -> [426]
MATCH #SIvCob  a  -> [452]
MATCH #SIvCob  -> [449]
MATCH #WqQANb  a  -> [463, 466, 469, 472]
MATCH #gb  -> [42]
MATCH #gbg  .gbgt  -> [259, 279]
MATCH #gbg  .gbm  -> [296]
MATCH #gbg  .gbtcb  -> [253]
MATCH #gbg  -> [248]
MATCH #gbg5  -> [279]
MATCH #gbgs5  -> [288]
MATCH #gbi4s1  -> [270]
MATCH #gbi5  -> [291]
MATCH #gbmm  -> [172]
MATCH #gbx3  -> [321]
MATCH #gbx4  -> [323]
MATCH #gbz  .gbgt  -> [146]
MATCH #gbz  .gbm  -> [165]
MATCH #gbz  .gbtcb  -> [51]
MATCH #gbz  .gbzt  -> [58, 69, 80, 91, 102, 113, 124, 135]
MATCH #gbz  -> [49]
MATCH #gbztms1  -> [157]
MATCH #gws-output-pages-elements-homepage_additional_languages__als  -> [445]
MATCH a  -> [58, 69, 80, 91, 102, 113, 124, 135, 146, 177, 184, 191, 198, 205, 212, 219, 226, 237, 259, 279, 307, 317, 431, 452, 463, 466, 469, 472, 478, 482]
MATCH body  -> [35]
MATCH form  -> [343]
MATCH input  -> [358, 362, 366, 369, 375, 396, 409, 422, 434, 524, 527, 909, 921]
MATCH p  -> [475]
MATCH td  -> [352, 355, 426, 507, 510, 558, 581, 594, 616, 629, 651, 664, 686, 699, 721, 734, 756, 769, 791, 804, 826, 839, 861, 874, 896, 901, 962, 985, 1008, 1031, 1054, 1077, 1100, 1123, 1146, 1169, 1200, 1223, 1246, 1269, 1292, 1315, 1338, 1361, 1384, 1407, 1438, 1461, 1484, 1507, 1530, 1553, 1576, 1599, 1622, 1645, 1676, 1699, 1722, 1745, 1768, 1791, 1814, 1837, 1860, 1883, 1914, 1937, 1960, 1983, 2006, 2029, 2052, 2075, 2098, 2121, 2152, 2175, 2198, 2221, 2244, 2267, 2290, 2313, 2336, 2359, 2390, 2413, 2436, 2459, 2482, 2505, 2528, 2551, 2574, 2597, 2628, 2651, 2674, 2697, 2720, 2743, 2766, 2789, 2812, 2835, 2866, 2889, 2912, 2935, 2958, 2981, 3004, 3027, 3058, 3081, 3104, 3127, 3150, 3173, 3196, 3219, 3242, 3265, 3296, 3319, 3342, 3365, 3388, 3411, 3434, 3457, 3480, 3511, 3534, 3557, 3580, 3603, 3626, 3649, 3672]
