warning: unused import: `std::panic`
 --> src/tri.rs:6:5
  |
6 | use std::panic;
  |     ^^^^^^^^^^
  |
  = note: `#[warn(unused_imports)]` on by default

warning: `css-bitvector-compiler` (bin "tri") generated 1 warning (run `cargo fix --bin "tri"` to apply 1 suggestion)
    Finished `release` profile [optimized + debuginfo] target(s) in 0.06s
     Running `target/release/tri`
821
1058
931
552
878
1121
718
395
341
876
1158
617
834
1030
462
785
969
507
639
730
479
771
1134
619
825
1083
565
701
854
544
904
1162
955
653
969
550
749
740
596
732
1156
408
1010
1089
final_rule_matches:
.gbm -> [165, 169, 172, 175, 177, 181, 182, 184, 188, 189, 191, 195, 196, 198, 202, 203, 205, 209, 210, 212, 216, 217, 219, 223, 224, 226, 230, 231, 233, 235, 237, 240, 241, 243, 244, 246, 296, 300, 302, 305, 307, 310, 311, 313, 315, 317, 320]
.gbxx -> [250, 252]
#gws-output-pages-elements-homepage_additional_languages__als -> [445]
#gbg .gbtcb -> [253]
#gbgs5 -> [288, 291]
.gbtcb -> [51, 253]
#gbz .gbm -> [165, 169, 172, 175, 177, 181, 182, 184, 188, 189, 191, 195, 196, 198, 202, 203, 205, 209, 210, 212, 216, 217, 219, 223, 224, 226, 230, 231, 233, 235, 237, 240, 241, 243, 244, 246]
.gbmcc -> [172, 175, 177, 181, 182, 184, 188, 189, 191, 195, 196, 198, 202, 203, 205, 209, 210, 212, 216, 217, 219, 223, 224, 226, 230, 231, 233, 235, 237, 240, 241, 243, 302, 305, 307, 310, 311, 313, 315, 317, 320]
.gbz0l .gbts -> [64, 66]
#gbg5 -> [279, 286, 288, 291]
.sblc -> [426, 431, 433]
.gbt -> [56, 58, 62, 64, 66, 67, 69, 73, 75, 77, 78, 80, 84, 86, 88, 89, 91, 95, 97, 99, 100, 102, 106, 108, 110, 111, 113, 117, 119, 121, 122, 124, 128, 130, 132, 133, 135, 139, 141, 143, 144, 146, 152, 154, 157, 159, 160, 162, 164, 165, 169, 172, 175, 177, 181, 182, 184, 188, 189, 191, 195, 196, 198, 202, 203, 205, 209, 210, 212, 216, 217, 219, 223, 224, 226, 230, 231, 233, 235, 237, 240, 241, 243, 244, 246, 257, 259, 265, 267, 270, 272, 273, 275, 277, 279, 286, 288, 291, 293, 295, 296, 300, 302, 305, 307, 310, 311, 313, 315, 317, 320]
.gbz0l .gbtb2 -> [62]
.gbsb -> [169, 172, 175, 177, 181, 182, 184, 188, 189, 191, 195, 196, 198, 202, 203, 205, 209, 210, 212, 216, 217, 219, 223, 224, 226, 230, 231, 233, 235, 237, 240, 241, 243, 244, 246]
.gssb_g -> [907]
.gssb_c -> [499]
.gssb_f -> [507]
#gbg -> [248, 250, 252, 253, 255, 257, 259, 265, 267, 270, 272, 273, 275, 277, 279, 286, 288, 291, 293, 295, 296, 300, 302, 305, 307, 310, 311, 313, 315, 317, 320]
.gbmh -> [233, 313]
#gbz .gbtcb -> [51]
#gbz .gbgt -> [146, 152, 154, 157, 159, 160]
.gbzt .gbts -> [64, 66, 75, 77, 86, 88, 97, 99, 108, 110, 119, 121, 130, 132, 141, 143]
#gbx3 -> [321]
.gssb_m -> [513]
.gbgt -> [146, 152, 154, 157, 159, 160, 259, 265, 267, 270, 272, 279, 286, 288, 291]
.gbtb .gbts -> [275]
.lsb -> [396, 409, 909, 921]
.gssb_e -> [510]
.gbzt -> [58, 62, 64, 66, 69, 73, 75, 77, 80, 84, 86, 88, 91, 95, 97, 99, 102, 106, 108, 110, 113, 117, 119, 121, 124, 128, 130, 132, 135, 139, 141, 143]
.gsfs -> [549, 551, 556, 557, 558, 560, 577, 581, 585, 587, 592, 593, 594, 596, 613, 616, 620, 622, 627, 628, 629, 631, 648, 651, 655, 657, 662, 663, 664, 666, 683, 686, 690, 692, 697, 698, 699, 701, 718, 721, 725, 727, 732, 733, 734, 736, 753, 756, 760, 762, 767, 768, 769, 771, 788, 791, 795, 797, 802, 803, 804, 806, 823, 826, 830, 832, 837, 838, 839, 841, 858, 861, 865, 867, 872, 873, 874, 876, 893, 896, 901, 959, 962, 982, 985, 1005, 1008, 1028, 1031, 1051, 1054, 1074, 1077, 1097, 1100, 1120, 1123, 1143, 1146, 1166, 1169, 1197, 1200, 1220, 1223, 1243, 1246, 1266, 1269, 1289, 1292, 1312, 1315, 1335, 1338, 1358, 1361, 1381, 1384, 1404, 1407, 1435, 1438, 1458, 1461, 1481, 1484, 1504, 1507, 1527, 1530, 1550, 1553, 1573, 1576, 1596, 1599, 1619, 1622, 1642, 1645, 1673, 1676, 1696, 1699, 1719, 1722, 1742, 1745, 1765, 1768, 1788, 1791, 1811, 1814, 1834, 1837, 1857, 1860, 1880, 1883, 1911, 1914, 1934, 1937, 1957, 1960, 1980, 1983, 2003, 2006, 2026, 2029, 2049, 2052, 2072, 2075, 2095, 2098, 2118, 2121, 2149, 2152, 2172, 2175, 2195, 2198, 2218, 2221, 2241, 2244, 2264, 2267, 2287, 2290, 2310, 2313, 2333, 2336, 2356, 2359, 2387, 2390, 2410, 2413, 2433, 2436, 2456, 2459, 2479, 2482, 2502, 2505, 2525, 2528, 2548, 2551, 2571, 2574, 2594, 2597, 2625, 2628, 2648, 2651, 2671, 2674, 2694, 2697, 2717, 2720, 2740, 2743, 2763, 2766, 2786, 2789, 2809, 2812, 2832, 2835, 2863, 2866, 2886, 2889, 2909, 2912, 2932, 2935, 2955, 2958, 2978, 2981, 3001, 3004, 3024, 3027, 3055, 3058, 3078, 3081, 3101, 3104, 3124, 3127, 3147, 3150, 3170, 3173, 3193, 3196, 3216, 3219, 3239, 3242, 3262, 3265, 3293, 3296, 3316, 3319, 3339, 3342, 3362, 3365, 3385, 3388, 3408, 3411, 3431, 3434, 3454, 3457, 3477, 3480, 3508, 3511, 3531, 3534, 3554, 3557, 3577, 3580, 3600, 3603, 3623, 3626, 3646, 3649, 3669, 3672]
#SIvCob -> [449, 451, 452, 454, 455]
#gbztms1 -> [157, 159]
.lsbb -> [394, 407, 917, 929]
.gssb_a -> [549, 551, 556, 557, 558, 560, 577, 581, 585, 587, 592, 593, 594, 596, 613, 616, 620, 622, 627, 628, 629, 631, 648, 651, 655, 657, 662, 663, 664, 666, 683, 686, 690, 692, 697, 698, 699, 701, 718, 721, 725, 727, 732, 733, 734, 736, 753, 756, 760, 762, 767, 768, 769, 771, 788, 791, 795, 797, 802, 803, 804, 806, 823, 826, 830, 832, 837, 838, 839, 841, 858, 861, 865, 867, 872, 873, 874, 876, 893, 896, 959, 962, 982, 985, 1005, 1008, 1028, 1031, 1051, 1054, 1074, 1077, 1097, 1100, 1120, 1123, 1143, 1146, 1166, 1169, 1197, 1200, 1220, 1223, 1243, 1246, 1266, 1269, 1289, 1292, 1312, 1315, 1335, 1338, 1358, 1361, 1381, 1384, 1404, 1407, 1435, 1438, 1458, 1461, 1481, 1484, 1504, 1507, 1527, 1530, 1550, 1553, 1573, 1576, 1596, 1599, 1619, 1622, 1642, 1645, 1673, 1676, 1696, 1699, 1719, 1722, 1742, 1745, 1765, 1768, 1788, 1791, 1811, 1814, 1834, 1837, 1857, 1860, 1880, 1883, 1911, 1914, 1934, 1937, 1957, 1960, 1980, 1983, 2003, 2006, 2026, 2029, 2049, 2052, 2072, 2075, 2095, 2098, 2118, 2121, 2149, 2152, 2172, 2175, 2195, 2198, 2218, 2221, 2241, 2244, 2264, 2267, 2287, 2290, 2310, 2313, 2333, 2336, 2356, 2359, 2387, 2390, 2410, 2413, 2433, 2436, 2456, 2459, 2479, 2482, 2502, 2505, 2525, 2528, 2548, 2551, 2571, 2574, 2594, 2597, 2625, 2628, 2648, 2651, 2671, 2674, 2694, 2697, 2717, 2720, 2740, 2743, 2763, 2766, 2786, 2789, 2809, 2812, 2832, 2835, 2863, 2866, 2886, 2889, 2909, 2912, 2932, 2935, 2955, 2958, 2978, 2981, 3001, 3004, 3024, 3027, 3055, 3058, 3078, 3081, 3101, 3104, 3124, 3127, 3147, 3150, 3170, 3173, 3193, 3196, 3216, 3219, 3239, 3242, 3262, 3265, 3293, 3296, 3316, 3319, 3339, 3342, 3362, 3365, 3385, 3388, 3408, 3411, 3431, 3434, 3454, 3457, 3477, 3480, 3508, 3511, 3531, 3534, 3554, 3557, 3577, 3580, 3600, 3603, 3623, 3626, 3646, 3649, 3669, 3672]
#gbg .gbm -> [296, 300, 302, 305, 307, 310, 311, 313, 315, 317, 320]
.gbsb .gbsbt -> [244]
#gbx4 -> [323]
.gbtsa -> [154, 157, 159, 160]
.gbsbis .gbsbt -> [244]
#gbi5 -> [291]
.lst -> [375]
.gbmt -> [177, 181, 184, 188, 191, 195, 198, 202, 205, 209, 212, 216, 219, 223, 226, 230, 233, 237, 240, 307, 310, 313, 317, 320]
.gbma -> [160]
.gbmtc -> [175, 177, 181, 182, 184, 188, 189, 191, 195, 196, 198, 202, 203, 205, 209, 210, 212, 216, 217, 219, 223, 224, 226, 230, 231, 233, 235, 237, 240, 241, 243, 305, 307, 310, 311, 313, 315, 317, 320]
.ds -> [372, 392, 405, 916, 928]
.gbsb .gbsbb -> [246]
.gbsbis .gbsbb -> [246]
.gsq_a -> [549, 551, 556, 557, 558, 560, 577, 585, 587, 592, 593, 594, 596, 613, 620, 622, 627, 628, 629, 631, 648, 655, 657, 662, 663, 664, 666, 683, 690, 692, 697, 698, 699, 701, 718, 725, 727, 732, 733, 734, 736, 753, 760, 762, 767, 768, 769, 771, 788, 795, 797, 802, 803, 804, 806, 823, 830, 832, 837, 838, 839, 841, 858, 865, 867, 872, 873, 874, 876, 893, 959, 982, 1005, 1028, 1051, 1074, 1097, 1120, 1143, 1166, 1197, 1220, 1243, 1266, 1289, 1312, 1335, 1358, 1381, 1404, 1435, 1458, 1481, 1504, 1527, 1550, 1573, 1596, 1619, 1642, 1673, 1696, 1719, 1742, 1765, 1788, 1811, 1834, 1857, 1880, 1911, 1934, 1957, 1980, 2003, 2026, 2049, 2072, 2095, 2118, 2149, 2172, 2195, 2218, 2241, 2264, 2287, 2310, 2333, 2356, 2387, 2410, 2433, 2456, 2479, 2502, 2525, 2548, 2571, 2594, 2625, 2648, 2671, 2694, 2717, 2740, 2763, 2786, 2809, 2832, 2863, 2886, 2909, 2932, 2955, 2978, 3001, 3024, 3055, 3078, 3101, 3124, 3147, 3170, 3193, 3216, 3239, 3262, 3293, 3316, 3339, 3362, 3385, 3408, 3431, 3454, 3477, 3508, 3531, 3554, 3577, 3600, 3623, 3646, 3669]
.gbtc -> [53, 56, 58, 62, 64, 66, 67, 69, 73, 75, 77, 78, 80, 84, 86, 88, 89, 91, 95, 97, 99, 100, 102, 106, 108, 110, 111, 113, 117, 119, 121, 122, 124, 128, 130, 132, 133, 135, 139, 141, 143, 144, 146, 152, 154, 157, 159, 160, 162, 164, 165, 169, 172, 175, 177, 181, 182, 184, 188, 189, 191, 195, 196, 198, 202, 203, 205, 209, 210, 212, 216, 217, 219, 223, 224, 226, 230, 231, 233, 235, 237, 240, 241, 243, 244, 246, 255, 257, 259, 265, 267, 270, 272, 273, 275, 277, 279, 286, 288, 291, 293, 295, 296, 300, 302, 305, 307, 310, 311, 313, 315, 317, 320]
#gbmm -> [172, 175, 177, 181, 182, 184, 188, 189, 191, 195, 196, 198, 202, 203, 205, 209, 210, 212, 216, 217, 219, 223, 224, 226, 230, 231, 233, 235, 237, 240, 241, 243]
.gbsbic -> [172, 175, 177, 181, 182, 184, 188, 189, 191, 195, 196, 198, 202, 203, 205, 209, 210, 212, 216, 217, 219, 223, 224, 226, 230, 231, 233, 235, 237, 240, 241, 243]
#gbz -> [49, 51, 53, 56, 58, 62, 64, 66, 67, 69, 73, 75, 77, 78, 80, 84, 86, 88, 89, 91, 95, 97, 99, 100, 102, 106, 108, 110, 111, 113, 117, 119, 121, 122, 124, 128, 130, 132, 133, 135, 139, 141, 143, 144, 146, 152, 154, 157, 159, 160, 162, 164, 165, 169, 172, 175, 177, 181, 182, 184, 188, 189, 191, 195, 196, 198, 202, 203, 205, 209, 210, 212, 216, 217, 219, 223, 224, 226, 230, 231, 233, 235, 237, 240, 241, 243, 244, 246]
.gbmc -> [169, 172, 175, 177, 181, 182, 184, 188, 189, 191, 195, 196, 198, 202, 203, 205, 209, 210, 212, 216, 217, 219, 223, 224, 226, 230, 231, 233, 235, 237, 240, 241, 243, 244, 246, 300, 302, 305, 307, 310, 311, 313, 315, 317, 320]
#gbg .gbgt -> [259, 265, 267, 270, 272, 279, 286, 288, 291]
#gb -> [42, 44, 46, 47, 49, 51, 53, 56, 58, 62, 64, 66, 67, 69, 73, 75, 77, 78, 80, 84, 86, 88, 89, 91, 95, 97, 99, 100, 102, 106, 108, 110, 111, 113, 117, 119, 121, 122, 124, 128, 130, 132, 133, 135, 139, 141, 143, 144, 146, 152, 154, 157, 159, 160, 162, 164, 165, 169, 172, 175, 177, 181, 182, 184, 188, 189, 191, 195, 196, 198, 202, 203, 205, 209, 210, 212, 216, 217, 219, 223, 224, 226, 230, 231, 233, 235, 237, 240, 241, 243, 244, 246, 248, 250, 252, 253, 255, 257, 259, 265, 267, 270, 272, 273, 275, 277, 279, 286, 288, 291, 293, 295, 296, 300, 302, 305, 307, 310, 311, 313, 315, 317, 320, 321, 323, 325, 327]
.gbts -> [64, 66, 75, 77, 86, 88, 97, 99, 108, 110, 119, 121, 130, 132, 141, 143, 154, 157, 159, 160, 267, 270, 272, 275, 288, 291]
.gbtb2 -> [62, 73, 84, 95, 106, 117, 128, 139, 152, 265, 286]
#gbz .gbzt -> [58, 62, 64, 66, 69, 73, 75, 77, 80, 84, 86, 88, 91, 95, 97, 99, 102, 106, 108, 110, 113, 117, 119, 121, 124, 128, 130, 132, 135, 139, 141, 143]
#gbi4s1 -> [270, 272]
[src/tri.rs:601:5] unsafe { MISS_CNT } = 1015
