    Finished `release` profile [optimized + debuginfo] target(s) in 0.02s
     Running `target/release/bit`
299257
1593551
3517077
231152
630898
87046
2021869
294
30173
73048
241
22644
239
233
39045
695461
254
348617
484739
186201
437990
2116232
286063
339190
376483
499450
377392
515986
428
245580
279775
321596
321167
323098
323487
326076
302965
307797
724691
234659
315080
307508
402204
252681
333590
315212
328656
484976
1317623
1440267
1603244
4629514
1838113
final_rule_matches: {
    "#masthead-skeleton-icons": [
        379,
        382,
        384,
        386,
    ],
    ".hidden": [
        5458,
        5587,
        7203,
        7245,
        7250,
        8790,
        8803,
        8849,
        8862,
        8908,
        8921,
        8967,
        8980,
        9026,
        9039,
        13079,
        13784,
        14120,
    ],
    ".masthead-skeleton-icon": [
        382,
        384,
        386,
    ],
    "html": [
        5,
    ],
}
[src/bit.rs:610:5] unsafe { MISS_CNT } = 3581
