    Finished `release` profile [optimized + debuginfo] target(s) in 0.01s
     Running `target/release/tri`
408047
1897491
3627848
240850
615159
81374
1804793
245
28712
59306
189
21054
113
154
32760
609240
144
396035
507297
197828
458552
1263419
234352
222826
232827
312726
233965
360250
288
181642
203175
232373
230891
235989
237254
231618
233937
236615
515459
170390
229015
231548
294157
177625
237899
240616
237905
354395
867981
1052575
2577605
3400123
1537145
final_rule_matches:
html -> [5]
#masthead-skeleton-icons -> [379, 382, 384, 386]
.masthead-skeleton-icon -> [382, 384, 386]
.hidden -> [5458, 5587, 7203, 7245, 7250, 8790, 8803, 8849, 8862, 8908, 8921, 8967, 8980, 9026, 9039, 13079, 13784, 14120]
[src/tri.rs:516:5] unsafe { MISS_CNT } = 3581
