    Finished `release` profile [optimized + debuginfo] target(s) in 0.05s
     Running `target/release/quad`
6722
3785
7419
6346
6392
5740
9702
57522
5479
4552
3780
3699
3190
180664
17141
38937
5443
4402
5175
5071
5211
4352
4494
7709
5416
3766
6625
5128
6235
BEGIN
* -> [4, 5, 6, 9, 10, 12, 15, 18, 21, 24, 27, 30, 33, 37, 38, 39, 41, 46, 50, 55, 60, 63, 67, 70, 73, 76, 79, 82, 85, 88, 91, 94, 97, 100, 103, 106, 110, 114, 116, 119, 121, 122, 125, 126, 129, 133, 137, 140, 142, 146, 149, 151, 155, 157, 159, 163, 165, 167, 171, 173, 175, 179, 182, 184, 188, 190, 192, 196, 199, 201, 205, 207, 209, 213, 216, 218, 220, 224, 226, 228, 232, 235, 237, 239, 243, 245, 247, 251, 253, 255, 259, 261, 263, 267, 270, 272, 276, 278, 280, 284, 286, 288, 292, 295, 297, 299, 303, 306, 308, 310, 314, 317, 319, 323, 325, 327, 331, 333, 335, 339, 341, 343, 347, 349, 351, 355, 357, 358, 360, 363, 367, 371, 376, 383, 384, 385, 386, 387, 392, 393, 395, 398, 403, 411, 414, 415, 417, 420, 421, 423, 425, 427, 433, 436, 439, 441, 449, 452, 455, 458, 461, 464, 465, 467, 470, 473, 474, 476, 479, 484, 485, 487, 490, 495, 496, 499, 502, 505, 508, 513, 514, 521, 522, 523, 524, 525, 529, 530, 531, 533, 534, 535, 537, 540, 545, 546, 553, 554, 555, 556, 557, 560, 561, 562, 564, 565, 566, 568, 571, 576, 577, 586, 587, 588, 589, 590, 593, 594, 596, 597, 598, 600, 601, 602, 604, 607, 610, 614, 617, 624, 627, 628, 630, 631, 632, 634, 637, 640, 641, 643, 645, 647, 651, 652, 655, 656, 658, 661, 662, 664, 665, 668, 670, 673, 674, 676, 678, 681, 682, 684, 686, 689, 690, 692, 693, 696, 697, 699, 701, 702, 705, 707, 708, 711, 713, 714, 717, 719, 720, 723, 724, 727, 731, 734, 737, 741, 744, 753, 756, 757, 759, 762, 763, 765, 767, 770, 773, 777, 779, 785, 788, 789, 791, 794, 795, 797, 798, 799, 802, 803, 805, 808, 809, 811, 813, 815, 817, 823, 826, 827, 829, 832, 833, 835, 836, 838, 839, 840, 843, 844, 846, 849, 850, 852, 854, 856, 858, 864, 867, 868, 870, 873, 874, 876, 877, 878, 881, 882, 884, 887, 888, 890, 892, 901, 903, 907, 910, 913, 919, 921, 922, 926, 927, 929, 932, 933, 936, 937, 938, 940, 948, 950, 952, 954, 956, 959, 962, 966, 969, 971, 972, 976, 980, 981, 982, 984, 987, 988, 990, 991, 993, 994, 996, 998, 1001, 1003, 1005, 1007, 1009, 1010, 1015, 1019, 1022, 1023, 1025, 1028, 1029, 1031, 1032, 1035, 1037, 1038, 1039, 1040, 1041, 1043, 1044, 1045, 1048, 1049, 1050, 1052, 1053, 1054, 1057, 1058, 1060, 1068, 1071, 1074, 1077, 1078, 1081, 1082, 1084, 1087, 1088, 1090, 1091, 1093, 1095, 1097, 1099, 1101, 1104, 1107, 1108, 1111, 1112, 1114, 1117, 1118, 1121, 1122, 1123, 1126, 1129, 1132, 1135, 1136, 1138, 1141, 1142, 1144, 1146, 1148, 1150, 1152, 1153, 1155, 1156, 1158, 1161, 1164, 1168, 1172, 1173, 1174, 1176, 1179, 1180, 1182, 1183, 1185, 1186, 1190, 1193, 1195, 1197, 1199, 1201, 1202, 1203, 1205, 1206, 1210, 1213, 1216, 1220, 1224, 1225, 1226, 1228, 1231, 1232, 1234, 1235, 1237, 1238, 1242, 1245, 1247, 1249, 1251, 1252, 1254, 1255, 1256, 1258, 1259, 1260, 1262, 1263, 1267, 1268, 1269, 1271, 1272, 1275, 1278, 1281, 1282, 1284, 1287, 1288, 1290, 1292, 1294, 1296, 1298, 1299, 1301, 1302, 1303, 1305, 1306, 1307, 1309, 1310, 1311, 1313, 1314, 1316, 1319, 1322, 1326, 1330, 1331, 1332, 1334, 1337, 1338, 1340, 1341, 1343, 1344, 1348, 1351, 1353, 1355, 1357, 1359, 1361, 1362, 1363, 1364, 1366, 1367, 1369, 1371, 1372, 1374, 1375, 1376, 1378, 1379, 1380, 1382, 1383, 1385, 1387, 1388, 1390, 1391, 1392, 1394, 1395, 1396, 1398, 1399, 1401, 1403, 1404, 1406, 1407, 1408, 1410, 1411, 1412, 1414, 1415, 1417, 1419, 1420, 1422, 1423, 1424, 1426, 1427, 1429, 1433, 1436, 1439, 1443, 1447, 1448, 1449, 1451, 1454, 1455, 1457, 1458, 1460, 1461, 1465, 1468, 1470, 1472, 1474, 1476, 1478, 1479, 1480, 1481, 1483, 1484, 1486, 1488, 1489, 1491, 1492, 1493, 1495, 1496, 1497, 1499, 1500, 1502, 1504, 1505, 1507, 1508, 1509, 1511, 1512, 1513, 1515, 1516, 1518, 1520, 1521, 1523, 1524, 1525, 1527, 1528, 1530, 1531, 1533, 1535, 1537, 1539, 1540, 1541, 1543, 1548, 1551, 1553, 1555, 1556, 1558, 1561, 1565, 1573, 1575, 1576, 1578, 1582, 1590, 1592, 1593, 1595, 1599, 1607, 1609, 1610, 1611, 1615, 1618, 1621, 1622, 1625, 1626, 1628, 1631, 1632, 1634, 1635, 1637, 1638, 1640, 1642, 1644, 1646, 1648, 1651, 1654, 1655, 1658, 1659, 1661, 1664, 1665, 1668, 1669, 1670, 1673, 1676, 1679, 1680, 1682, 1683, 1685, 1688, 1691, 1695, 1699, 1700, 1701, 1703, 1706, 1707, 1709, 1710, 1712, 1713, 1717, 1720, 1722, 1724, 1726, 1727, 1728, 1730, 1732, 1733, 1735, 1736, 1737, 1739, 1740, 1741, 1743, 1745, 1746, 1748, 1749, 1750, 1752, 1753, 1755, 1756, 1757, 1759, 1761, 1762, 1764, 1765, 1766, 1768, 1769, 1771, 1772, 1773, 1775, 1776, 1777, 1779, 1780, 1781, 1783, 1784, 1786, 1790, 1791, 1792, 1794, 1795, 1798, 1801, 1802, 1804, 1805, 1807, 1810, 1813, 1817, 1821, 1822, 1823, 1825, 1828, 1829, 1831, 1832, 1834, 1835, 1839, 1842, 1844, 1846, 1848, 1849, 1850, 1852, 1853, 1854, 1856, 1857, 1859, 1860, 1861, 1863, 1864, 1865, 1867, 1869, 1870, 1872, 1873, 1874, 1876, 1877, 1878, 1880, 1882, 1883, 1885, 1886, 1887, 1889, 1890, 1892, 1893, 1894, 1896, 1898, 1899, 1901, 1902, 1903, 1905, 1906, 1908, 1909, 1910, 1912, 1913, 1914, 1916, 1917, 1918, 1920, 1921, 1923, 1924, 1925, 1927, 1928, 1929, 1931, 1932, 1934, 1935, 1936, 1938, 1939, 1940, 1942, 1943, 1945, 1946, 1947, 1949, 1950, 1951, 1953, 1954, 1956, 1957, 1958, 1960, 1961, 1962, 1964, 1965, 1967, 1968, 1969, 1971, 1972, 1973, 1975, 1976, 1977, 1979, 1980, 1982, 1983, 1984, 1986, 1987, 1988, 1990, 1991, 1993, 1994, 1995, 1997, 1998, 1999, 2001, 2002, 2004, 2005, 2006, 2008, 2009, 2010, 2012, 2013, 2015, 2016, 2017, 2019, 2020, 2021, 2023, 2024, 2026, 2027, 2028, 2030, 2031, 2032, 2034, 2035, 2037, 2041, 2042, 2043, 2045, 2046, 2050, 2053, 2056, 2059, 2060, 2063, 2064, 2066, 2069, 2070, 2072, 2073, 2075, 2077, 2079, 2081, 2082, 2083, 2084, 2086, 2089, 2092, 2093, 2096, 2097, 2099, 2102, 2103, 2106, 2107, 2108, 2111, 2114, 2117, 2119, 2121, 2122, 2123, 2125, 2126, 2127, 2128, 2129, 2130, 2131, 2132, 2134, 2137, 2140, 2144, 2148, 2149, 2150, 2152, 2155, 2156, 2158, 2159, 2161, 2162, 2166, 2169, 2171, 2173, 2175, 2176, 2178, 2179, 2180, 2182, 2183, 2185, 2186, 2187, 2189, 2190, 2192, 2193, 2194, 2196, 2197, 2199, 2200, 2201, 2203, 2204, 2206, 2207, 2208, 2210, 2211, 2213, 2214, 2215, 2217, 2218, 2220, 2221, 2222, 2224, 2225, 2227, 2228, 2229, 2231, 2232, 2234, 2235, 2236, 2238, 2239, 2241, 2242, 2243, 2245, 2246, 2248, 2249, 2250, 2252, 2253, 2254, 2256, 2257, 2258, 2260, 2261, 2263, 2264, 2265, 2267, 2268, 2270, 2271, 2272, 2274, 2275, 2277, 2278, 2279, 2281, 2282, 2284, 2285, 2286, 2288, 2293, 2296, 2298, 2300, 2301, 2303, 2306, 2309, 2313, 2317, 2318, 2319, 2321, 2324, 2325, 2327, 2328, 2330, 2331, 2335, 2338, 2340, 2342, 2344, 2345, 2347, 2348, 2349, 2351, 2352, 2354, 2355, 2356, 2358, 2359, 2361, 2362, 2363, 2365, 2366, 2368, 2369, 2370, 2372, 2373, 2375, 2376, 2377, 2379, 2380, 2381, 2383, 2384, 2386, 2387, 2388, 2390, 2391, 2393, 2394, 2395, 2397, 2398, 2400, 2401, 2402, 2404, 2405, 2406, 2408, 2409, 2411, 2412, 2413, 2415, 2416, 2418, 2419, 2420, 2422, 2423, 2425, 2426, 2427, 2429, 2430, 2432, 2433, 2434, 2436, 2437, 2439, 2440, 2441, 2443, 2444, 2446, 2447, 2448, 2450, 2451, 2453, 2454, 2455, 2457, 2458, 2460, 2461, 2462, 2464, 2465, 2466, 2468, 2475, 2478, 2481, 2484, 2485, 2488, 2489, 2491, 2494, 2495, 2497, 2498, 2500, 2503, 2504, 2506, 2509, 2510, 2512, 2514, 2517, 2518, 2521, 2522, 2524, 2527, 2528, 2531, 2532, 2534, 2536, 2538, 2540, 2541, 2543, 2544, 2547, 2550, 2553, 2555, 2557, 2558, 2559, 2561, 2562, 2563, 2565, 2566, 2567, 2569, 2570, 2571, 2573, 2574, 2576, 2579, 2584, 2588, 2595, 2596, 2598, 2602, 2609, 2610, 2612, 2616, 2623, 2624, 2627, 2633, 2637, 2644, 2645, 2647, 2651, 2658, 2659, 2661, 2665, 2672, 2673, 2677, 2680, 2683, 2687, 2691, 2692, 2693, 2695, 2698, 2699, 2701, 2702, 2704, 2705, 2709, 2712, 2714, 2716, 2718, 2720, 2722, 2723, 2724, 2725, 2727, 2728, 2730, 2732, 2733, 2735, 2736, 2737, 2739, 2740, 2741, 2743, 2744, 2746, 2748, 2749, 2751, 2752, 2753, 2755, 2756, 2757, 2759, 2760, 2762, 2764, 2765, 2767, 2768, 2769, 2771, 2772, 2773, 2775, 2777, 2778, 2780, 2782, 2783, 2785, 2786, 2788, 2790, 2791, 2793, 2794, 2795, 2797, 2798, 2800, 2801, 2802, 2804, 2805, 2807, 2808, 2809, 2811, 2812, 2814, 2815, 2816, 2818, 2819, 2821, 2822, 2823, 2825, 2826, 2828, 2829, 2830, 2832, 2833, 2835, 2836, 2837, 2839, 2840, 2842, 2843, 2844, 2846, 2847, 2849, 2850, 2852, 2853, 2855, 2856, 2857, 2859, 2861, 2863, 2864, 2865, 2866, 2868, 2869, 2871, 2873, 2874, 2876, 2877, 2878, 2880, 2881, 2882, 2884, 2885, 2887, 2889, 2890, 2892, 2893, 2894, 2896, 2897, 2899, 2900, 2901, 2903, 2905, 2907, 2908, 2909, 2910, 2912, 2913, 2915, 2917, 2918, 2920, 2921, 2922, 2924, 2925, 2926, 2928, 2929, 2931, 2933, 2934, 2936, 2937, 2938, 2940, 2941, 2942, 2944, 2945, 2947, 2949, 2950, 2952, 2953, 2954, 2956, 2957, 2958, 2960, 2961, 2963, 2965, 2966, 2968, 2969, 2970, 2972, 2973, 2974, 2976, 2977, 2979, 2981, 2982, 2984, 2985, 2986, 2988, 2989, 2990, 2992, 2993, 2995, 2997, 2998, 3000, 3001, 3002, 3004, 3005, 3007, 3008, 3009, 3011, 3013, 3015, 3016, 3017, 3019, 3020, 3021, 3023, 3025, 3027, 3028, 3029, 3031, 3032, 3033, 3035, 3037, 3039, 3040, 3041, 3042, 3044, 3045, 3047, 3049, 3050, 3052, 3053, 3054, 3056, 3057, 3058, 3060, 3061, 3063, 3065, 3066, 3068, 3069, 3070, 3072, 3073, 3075, 3076, 3077, 3079, 3081, 3083, 3084, 3085, 3086, 3088, 3089, 3091, 3093, 3094, 3096, 3097, 3098, 3100, 3101, 3102, 3104, 3105, 3107, 3109, 3110, 3112, 3113, 3114, 3116, 3117, 3118, 3120, 3121, 3123, 3125, 3126, 3128, 3129, 3130, 3132, 3133, 3134, 3136, 3137, 3139, 3141, 3142, 3144, 3145, 3146, 3148, 3149, 3150, 3152, 3153, 3155, 3157, 3158, 3160, 3161, 3162, 3164, 3165, 3166, 3168, 3169, 3171, 3173, 3174, 3176, 3177, 3178, 3180, 3181, 3183, 3184, 3185, 3187, 3189, 3191, 3192, 3193, 3195, 3196, 3197, 3199, 3201, 3203, 3204, 3205, 3207, 3208, 3209, 3211, 3213, 3215, 3216, 3217, 3218, 3220, 3221, 3223, 3225, 3226, 3228, 3229, 3230, 3232, 3233, 3234, 3236, 3237, 3239, 3241, 3242, 3244, 3245, 3246, 3248, 3249, 3251, 3252, 3253, 3255, 3257, 3259, 3260, 3261, 3262, 3264, 3265, 3267, 3269, 3270, 3272, 3273, 3274, 3276, 3277, 3278, 3280, 3281, 3283, 3285, 3286, 3288, 3289, 3290, 3292, 3293, 3294, 3296, 3297, 3299, 3301, 3302, 3304, 3305, 3306, 3308, 3309, 3310, 3312, 3313, 3315, 3317, 3318, 3320, 3321, 3322, 3324, 3325, 3326, 3328, 3329, 3331, 3333, 3334, 3336, 3337, 3338, 3340, 3341, 3342, 3344, 3345, 3347, 3349, 3350, 3352, 3353, 3354, 3356, 3357, 3359, 3360, 3361, 3363, 3365, 3367, 3368, 3369, 3371, 3372, 3373, 3375, 3377, 3379, 3380, 3381, 3383, 3384, 3385, 3387, 3389, 3391, 3392, 3393, 3395, 3399, 3402, 3405, 3406, 3409, 3410, 3412, 3415, 3416, 3419, 3420, 3421, 3424, 3427, 3429, 3431, 3432, 3434, 3437, 3440, 3444, 3448, 3449, 3450, 3452, 3455, 3456, 3458, 3459, 3461, 3462, 3466, 3469, 3471, 3473, 3475, 3476, 3477, 3479, 3480, 3482, 3483, 3484, 3486, 3488, 3489, 3491, 3492, 3493, 3495, 3496, 3498, 3499, 3500, 3502, 3503, 3505, 3506, 3507, 3509, 3510, 3511, 3513, 3514, 3516, 3517, 3518, 3520, 3521, 3522, 3524, 3525, 3527, 3528, 3529, 3531, 3532, 3533, 3535, 3536, 3538, 3539, 3540, 3542, 3543, 3544, 3546, 3547, 3549, 3550, 3551, 3553, 3554, 3556, 3557, 3558, 3560, 3561, 3563, 3564, 3565, 3567, 3568, 3569, 3571, 3572, 3573, 3575, 3576, 3577, 3579, 3580, 3582, 3586, 3589, 3592, 3593, 3596, 3597, 3599, 3602, 3603, 3606, 3607, 3608, 3613, 3616, 3619, 3622, 3623, 3626, 3627, 3629, 3632, 3633, 3636, 3637, 3639, 3641, 3643, 3645, 3646, 3647, 3648, 3650, 3653, 3656, 3657, 3660, 3661, 3663, 3666, 3667, 3670, 3671, 3672, 3675, 3678, 3681, 3683, 3685, 3686, 3687, 3688, 3689, 3691, 3694, 3696, 3697, 3702, 3703, 3704, 3707, 3708, 3711, 3713, 3714, 3717, 3719, 3720, 3723, 3725, 3728, 3731, 3734, 3738, 3742, 3743, 3744, 3746, 3749, 3750, 3752, 3753, 3755, 3756, 3760, 3763, 3765, 3767, 3769, 3771, 3773, 3774, 3775, 3776, 3778, 3779, 3781, 3783, 3784, 3786, 3787, 3788, 3790, 3791, 3793, 3794, 3795, 3797, 3799, 3801, 3802, 3803, 3804, 3806, 3807, 3809, 3811, 3812, 3814, 3815, 3816, 3818, 3819, 3820, 3822, 3823, 3825, 3827, 3828, 3830, 3831, 3832, 3834, 3835, 3836, 3838, 3839, 3841, 3843, 3844, 3846, 3847, 3848, 3850, 3851, 3852, 3854, 3855, 3857, 3859, 3860, 3862, 3863, 3864, 3866, 3867, 3869, 3870, 3871, 3873, 3875, 3877, 3878, 3879, 3881, 3882, 3883, 3885, 3887, 3889, 3890, 3891, 3892, 3894, 3895, 3897, 3899, 3900, 3902, 3903, 3904, 3906, 3907, 3909, 3910, 3911, 3913, 3915, 3917, 3918, 3919, 3921, 3922, 3924, 3926, 3928, 3929, 3930, 3931, 3933, 3934, 3936, 3938, 3939, 3941, 3942, 3943, 3945, 3946, 3947, 3949, 3950, 3952, 3954, 3955, 3957, 3958, 3959, 3961, 3962, 3964, 3965, 3966, 3968, 3970, 3972, 3973, 3974, 3976, 3977, 3979, 3981, 3983, 3984, 3985, 3987, 3988, 3989, 3991, 3993, 3995, 3996, 3997, 3999, 4000, 4002, 4004, 4006, 4007, 4008, 4009, 4011, 4012, 4014, 4016, 4017, 4019, 4020, 4021, 4023, 4024, 4025, 4027, 4028, 4030, 4032, 4033, 4035, 4036, 4037, 4039, 4040, 4042, 4043, 4044, 4046, 4048, 4050, 4051, 4052, 4054, 4055, 4057, 4059, 4061, 4062, 4063, 4065, 4066, 4067, 4069, 4071, 4073, 4074, 4075, 4077, 4078, 4080, 4082, 4084, 4085, 4086, 4087, 4089, 4090, 4092, 4094, 4095, 4097, 4098, 4099, 4101, 4102, 4103, 4105, 4106, 4108, 4110, 4111, 4113, 4114, 4115, 4117, 4118, 4120, 4121, 4122, 4124, 4126, 4128, 4129, 4130, 4132, 4133, 4135, 4137, 4139, 4140, 4141, 4143, 4144, 4145, 4147, 4149, 4151, 4152, 4153, 4155, 4156, 4157, 4159, 4161, 4163, 4164, 4165, 4167, 4171, 4172, 4173, 4175, 4176, 4177, 4179, 4180, 4183, 4186, 4188, 4190, 4191, 4193, 4196, 4199, 4202, 4206, 4208, 4210, 4212, 4213, 4215, 4218, 4222, 4224, 4226, 4228, 4229, 4231, 4234, 4238, 4240, 4242, 4244, 4245, 4247, 4250, 4254, 4256, 4258, 4260, 4261, 4263, 4266, 4270, 4272, 4274, 4276, 4277, 4279, 4282, 4286, 4288, 4290, 4292, 4293, 4295, 4298, 4302, 4304, 4306, 4308, 4309, 4311, 4314, 4318, 4320, 4322, 4324, 4325, 4327, 4330, 4334, 4336, 4338, 4340, 4341, 4343, 4346, 4350, 4352, 4354, 4356, 4357, 4359, 4362, 4366, 4368, 4370, 4372, 4373, 4375, 4378, 4382, 4384, 4386, 4388, 4389, 4396, 4399, 4402, 4405, 4406, 4413, 4414, 4416, 4417, 4419, 4420, 4422, 4424, 4426, 4428, 4429, 4431, 4432, 4434, 4437, 4440, 4441, 4444, 4445, 4447, 4450, 4451, 4454, 4455, 4456, 4459, 4462, 4468, 4473, 4476, 4479, 4482, 4485, 4490, 4497, 4498, 4499, 4500, 4501, 4506, 4508, 4510, 4511, 4513, 4516, 4518, 4519, 4521, 4522, 4523, 4525, 4526, 4528, 4530, 4531, 4535, 4536, 4537, 4541, 4542, 4544, 4546, 4550, 4553, 4554, 4556, 4559, 4561, 4563, 4565, 4567, 4569, 4571, 4573, 4575, 4577, 4579, 4581, 4583, 4585, 4587, 4589, 4591, 4595, 4599, 4602, 4603, 4605, 4608, 4610, 4612, 4614, 4616, 4618, 4620, 4622, 4624, 4626, 4628, 4630, 4632, 4634, 4636, 4640, 4643, 4644, 4646, 4649, 4651, 4652, 4656, 4657, 4659, 4661, 4662, 4666, 4667, 4669, 4671, 4675, 4677, 4679, 4683, 4685, 4687, 4688, 4692, 4693, 4697, 4700, 4701, 4703, 4706, 4708, 4709, 4713, 4714, 4716, 4718, 4719, 4723, 4724, 4726, 4728, 4729, 4733, 4734, 4736, 4738, 4742, 4744, 4746, 4747, 4751, 4752, 4759, 4767, 4771, 4773, 4807, 4811, 4813, 4819, 4826, 4828, 4829, 4842, 4845, 4846, 4848, 4849, 4851, 4852, 4856, 4859, 4862, 4866, 4869, 4872, 4873, 4875, 4876, 4879, 4880, 4882, 4883, 4886, 4887, 4889, 4890, 4894, 4897, 4900, 4901, 4903, 4904, 4906, 4907, 4910, 4911, 4914, 4915, 4918, 4919, 4921, 4922, 4924, 4925, 4928, 4929, 4932, 4933, 4937, 4940, 4943, 4944, 4946, 4947, 4949, 4950, 4954, 4957, 4960, 4961, 4963, 4964, 4967, 4968, 4970, 4971, 4973, 4974, 4978, 4981, 4984, 4985, 4988, 4989, 4992, 4993, 4996, 4997, 5000, 5001, 5003, 5004, 5007, 5008, 5010, 5011, 5015, 5018, 5021, 5022, 5025, 5026, 5029, 5030, 5032, 5033, 5035, 5036, 5039, 5040, 5042, 5043, 5046, 5047, 5049, 5050, 5052, 5053, 5056, 5057, 5059, 5060, 5062, 5063, 5066, 5067, 5069, 5070, 5072, 5073, 5076, 5077, 5079, 5080, 5082, 5083, 5086, 5087, 5090, 5091, 5094, 5095, 5097, 5098, 5101, 5102, 5104, 5105, 5107, 5108, 5111, 5112, 5115, 5116, 5119, 5120, 5122, 5123, 5126, 5127, 5129, 5130, 5132, 5133, 5136, 5137, 5140, 5141, 5144, 5145, 5147, 5148, 5150, 5151, 5154, 5155, 5158, 5159, 5162, 5163, 5166, 5167, 5169, 5173, 5179, 5181, 5325, 5332, 5334, 5336, 5338, 5342, 5348, 5355, 5357, 5358, 5360, 5364, 5367, 5370, 5375, 5377, 5384, 5397, 5398, 5399, 5400, 5401, 5402, 5404, 5410, 5414, 5421, 5425, 5426, 5428, 5430, 5432, 5433, 5435, 5437, 5441, 5443, 5444, 5452, 5453, 5454, 5455, 5458, 5466, 5469, 5472, 5475, 5478, 5481, 5484, 5487, 5489, 5490, 5492, 5497, 5503, 5505, 5507, 5508, 5509, 5511, 5516, 5522, 5524, 5526, 5531, 5537, 5539, 5541, 5542, 5543, 5545, 5550, 5556, 5558, 5560, 5581, 5583, 5585, 5587, 5588, 5592, 5597, 5599, 5601, 5603, 5607, 5613, 5615, 5619, 5620, 5621, 5623, 5625, 5630, 5636, 5638, 5640, 5645, 5647, 5649, 5651, 5655, 5661, 5663, 5667, 5668, 5669, 5671, 5673, 5678, 5684, 5686, 5688, 5693, 5695, 5697, 5699, 5703, 5709, 5711, 5715, 5717, 5719, 5724, 5730, 5732, 5734, 5739, 5741, 5743, 5745, 5749, 5755, 5757, 5761, 5762, 5763, 5764, 5765, 5766, 5768, 5770, 5775, 5781, 5783, 5785, 5790, 5792, 5794, 5796, 5800, 5806, 5808, 5812, 5814, 5816, 5821, 5827, 5829, 5831, 5833, 5835, 5836, 5840, 5845, 5847, 5849, 5851, 5855, 5861, 5863, 5867, 5869, 5871, 5876, 5882, 5884, 5886, 5891, 5893, 5895, 5897, 5901, 5907, 5909, 5913, 5915, 5917, 5922, 5928, 5930, 5934, 5936, 5937, 5941, 5946, 5948, 5950, 5952, 5956, 5962, 5964, 5968, 5970, 5972, 5977, 5983, 5985, 5987, 5992, 5994, 5996, 5998, 6002, 6008, 6010, 6014, 6016, 6018, 6023, 6029, 6031, 6035, 6037, 6038, 6042, 6047, 6049, 6051, 6053, 6057, 6063, 6065, 6069, 6071, 6073, 6078, 6084, 6086, 6088, 6093, 6095, 6097, 6099, 6103, 6109, 6111, 6115, 6117, 6119, 6124, 6130, 6132, 6134, 6139, 6141, 6143, 6145, 6149, 6155, 6157, 6161, 6162, 6163, 6164, 6166, 6168, 6173, 6179, 6181, 6185, 6187, 6188, 6192, 6197, 6199, 6201, 6203, 6207, 6213, 6215, 6219, 6221, 6223, 6228, 6234, 6236, 6238, 6243, 6245, 6247, 6249, 6253, 6259, 6261, 6265, 6267, 6269, 6274, 6280, 6282, 6286, 6288, 6289, 6293, 6298, 6300, 6302, 6304, 6308, 6314, 6316, 6320, 6322, 6324, 6329, 6335, 6337, 6339, 6344, 6346, 6348, 6350, 6354, 6360, 6362, 6366, 6368, 6370, 6375, 6381, 6383, 6387, 6389, 6390, 6394, 6399, 6401, 6403, 6405, 6409, 6415, 6417, 6421, 6423, 6425, 6430, 6436, 6438, 6440, 6445, 6447, 6449, 6451, 6455, 6461, 6463, 6467, 6469, 6471, 6476, 6482, 6484, 6488, 6490, 6491, 6495, 6500, 6502, 6504, 6506, 6510, 6516, 6518, 6522, 6524, 6526, 6531, 6537, 6539, 6541, 6546, 6548, 6550, 6552, 6556, 6562, 6564, 6568, 6570, 6572, 6577, 6583, 6585, 6587, 6591, 6592, 6593, 6597, 6598, 6599, 6603, 6604, 6605, 6607, 6612, 6614, 6616, 6618, 6622, 6628, 6630, 6634, 6636, 6638, 6643, 6649, 6651, 6653, 6658, 6660, 6662, 6664, 6668, 6674, 6676, 6680, 6682, 6684, 6689, 6695, 6697, 6699, 6704, 6706, 6708, 6710, 6714, 6720, 6722, 6726, 6728, 6730, 6735, 6741, 6743, 6745, 6750, 6752, 6754, 6756, 6760, 6767, 6769, 6773, 6774, 6775, 6777, 6781, 6783, 6785, 6790, 6796, 6798, 6800, 6805, 6807, 6809, 6811, 6815, 6821, 6823, 6827, 6828, 6829, 6830, 6832, 6837, 6839, 6844, 6850, 6852, 6854, 6859, 6861, 6863, 6865, 6869, 6875, 6877, 6881, 6882, 6883, 6884, 6886, 6890, 6892, 6894, 6899, 6905, 6907, 6909, 6914, 6916, 6918, 6920, 6924, 6930, 6932, 6936, 6937, 6938, 6939, 6941, 6945, 6947, 6949, 6954, 6960, 6962, 6964, 6966, 6968, 6969, 6973, 6978, 6980, 6982, 6984, 6988, 6994, 6996, 7000, 7001, 7002, 7003, 7004, 7005, 7006, 7008, 7012, 7014, 7016, 7021, 7027, 7029, 7031, 7033, 7035, 7036, 7040, 7045, 7047, 7049, 7051, 7055, 7061, 7063, 7067, 7068, 7069, 7070, 7072, 7076, 7078, 7080, 7085, 7091, 7093, 7095, 7100, 7102, 7104, 7106, 7110, 7116, 7118, 7122, 7123, 7124, 7125, 7127, 7131, 7133, 7135, 7140, 7146, 7148, 7150, 7152, 7154, 7155, 7159, 7164, 7166, 7168, 7170, 7174, 7180, 7182, 7186, 7187, 7188, 7189, 7191, 7196, 7198, 7203, 7209, 7211, 7213, 7215, 7217, 7218, 7222, 7227, 7229, 7231, 7233, 7237, 7243, 7245, 7249, 7250, 7251, 7252, 7254, 7259, 7261, 7266, 7272, 7274, 7276, 7278, 7280, 7281, 7285, 7290, 7292, 7294, 7296, 7300, 7306, 7308, 7312, 7313, 7314, 7315, 7317, 7321, 7323, 7325, 7330, 7336, 7338, 7340, 7345, 7347, 7349, 7351, 7355, 7361, 7363, 7367, 7368, 7369, 7370, 7371, 7372, 7373, 7375, 7379, 7381, 7383, 7388, 7394, 7396, 7398, 7400, 7402, 7403, 7407, 7412, 7414, 7416, 7418, 7422, 7428, 7430, 7434, 7435, 7436, 7437, 7438, 7439, 7440, 7442, 7446, 7448, 7450, 7455, 7461, 7463, 7465, 7467, 7469, 7470, 7474, 7479, 7481, 7483, 7485, 7489, 7495, 7497, 7501, 7502, 7503, 7504, 7505, 7506, 7507, 7509, 7513, 7515, 7517, 7522, 7528, 7530, 7532, 7534, 7536, 7537, 7541, 7546, 7548, 7550, 7552, 7556, 7562, 7564, 7568, 7569, 7570, 7572, 7574, 7579, 7585, 7587, 7589, 7594, 7596, 7598, 7600, 7604, 7610, 7612, 7616, 7617, 7618, 7620, 7622, 7627, 7633, 7635, 7637, 7642, 7644, 7646, 7648, 7652, 7658, 7660, 7664, 7666, 7668, 7673, 7679, 7681, 7683, 7688, 7690, 7692, 7694, 7698, 7704, 7706, 7710, 7711, 7712, 7714, 7716, 7721, 7727, 7729, 7731, 7736, 7738, 7740, 7742, 7746, 7752, 7754, 7758, 7760, 7762, 7767, 7773, 7775, 7778, 7780, 7782]
.align-items-center -> [647, 744, 779, 817, 858, 913, 919, 1015, 1558, 1561, 1578, 1595, 2050, 4396, 4485]
.bg-body-tertiary -> [4473]
.bg-primary -> [2627]
.border -> [2576, 3691]
.btn -> [617, 744, 1015, 3697]
.btn-close -> [441]
.btn-close-white -> [441]
.btn-lg -> [1015]
.btn-link -> [617, 744]
.btn-primary -> [3697]
.col-12 -> [604, 731]
.col-6 -> [458, 467, 476, 487, 505, 537, 568, 4550, 4599, 4640, 4697]
.container -> [4476]
.container-xl -> [119]
.container-xxl -> [363, 907, 1068]
.d-block -> [376, 1565, 1582, 1599, 4202, 4218, 4234, 4250, 4266, 4282, 4298, 4314, 4330, 4346, 4362, 4378, 4462, 4490]
.d-flex -> [395, 403, 647, 744, 779, 817, 858, 913, 956, 1015, 1101, 1558, 1561, 1578, 1595, 1648, 2086, 3399, 3586, 3650, 4434]
.d-inline-block -> [959, 1074, 1618, 2056, 2481, 2514, 3619, 4402]
.d-inline-flex -> [122, 4485]
.d-none -> [129, 607, 734, 799, 840, 878, 940]
.display-5 -> [1093, 1640, 2075, 2534, 3639, 4422]
.dropdown -> [614, 741, 3694]
.dropdown-divider -> [693, 720]
.dropdown-header -> [641, 697]
.dropdown-item -> [647, 670, 678, 686, 702, 708, 714, 724, 779, 817, 858, 3708, 3714, 3720]
.dropdown-menu -> [637, 773, 3704]
.dropdown-menu-end -> [637, 773]
.dropdown-toggle -> [617, 744, 3697]
.flex-column -> [913, 956, 1561, 1578, 1595, 2086]
.flex-grow-1 -> [427]
.flex-row -> [455, 502]
.flex-wrap -> [363, 455, 502, 1558]
.fs-1 -> [1078, 1622, 2060, 2485, 2518, 3623]
.fs-2 -> [1132, 1278, 2500]
.fs-5 -> [959, 4206, 4222, 4238, 4254, 4270, 4286, 4302, 4318, 4334, 4350, 4366, 4382, 4508]
.fw-normal -> [1097, 1101, 1644, 1648, 2079, 2086, 2538, 3643, 3650, 4426, 4434]
.fw-semibold -> [948, 1015, 1093, 1104, 1146, 1292, 1551, 1640, 1651, 2075, 2089, 2117, 2296, 2534, 2553, 3402, 3427, 3589, 3639, 3653, 3681, 4186, 4206, 4222, 4238, 4254, 4270, 4286, 4302, 4318, 4334, 4350, 4366, 4382, 4422, 4437]
.g-3 -> [1126, 4196, 4396]
.gap-1 -> [919]
.gap-2 -> [2627]
.gap-3 -> [956]
.gap-4 -> [1558]
.h-100 -> [607, 734]
.icon-link -> [1104, 1651, 2089, 3402, 3589, 3653, 4437]
.icon-link-hover > .bi -> [1108, 1655, 2093, 3406, 3593, 3657, 4441]
.icon-link > .bi -> [1108, 1655, 2093, 3406, 3593, 3657, 4441]
.img-fluid -> [940, 4462]
.justify-content-between -> [647]
.justify-content-center -> [913, 1015, 1126, 1558]
.lead -> [952, 1097, 1101, 1644, 1648, 2079, 2086, 2538, 3643, 3650, 4426, 4434]
.lh-1 -> [948]
.lh-sm -> [913, 1093, 1640, 2075, 2534, 3639, 4202, 4218, 4234, 4250, 4266, 4282, 4298, 4314, 4330, 4346, 4362, 4378, 4422]
.link-secondary -> [1045, 1054]
.list-unstyled -> [4513, 4556, 4605, 4646, 4703]
.m-1 -> [122]
.mb-0 -> [1035, 2086, 4206, 4222, 4238, 4254, 4270, 4286, 4302, 4318, 4334, 4350, 4366, 4382]
.mb-2 -> [919, 1132, 1278, 1565, 1582, 1599, 4199, 4215, 4231, 4247, 4263, 4279, 4295, 4311, 4327, 4343, 4359, 4375, 4485, 4516, 4528, 4544, 4559, 4565, 4571, 4577, 4583, 4589, 4608, 4614, 4620, 4626, 4632, 4649, 4659, 4669, 4677, 4685, 4706, 4716, 4726, 4736, 4744]
.mb-3 -> [903, 940, 948, 1071, 1074, 1093, 1618, 1640, 2056, 2075, 2089, 2114, 2293, 2481, 2514, 2534, 3589, 3619, 3639, 3678, 3691, 4183, 4402, 4422, 4482, 4550, 4599, 4640, 4697]
.mb-4 -> [913, 952, 956, 2576, 2579]
.mb-5 -> [1126, 1615, 1673, 2050, 2053, 2475, 2478, 3613, 3616, 4396]
.me-0 -> [371]
.me-2 -> [785, 823, 864, 919, 1019, 2481, 2500, 4490]
.ms-2 -> [531, 562, 598, 767]
.ms-auto -> [799, 840, 878]
.mt-3 -> [4462]
.mt-4 -> [1558]
.mt-5 -> [4473]
.mx-auto -> [910, 940, 1071, 1548, 4462]
.my-1 -> [376, 753]
.my-2 -> [610, 737]
.my-4 -> [4193]
.nav -> [2579, 2627]
.nav-fill .nav-item -> [2633, 2647, 2661]
.nav-fill .nav-item .nav-link -> [2637, 2651, 2665]
.nav-link -> [461, 470, 479, 490, 508, 540, 571, 617, 744, 2588, 2602, 2616, 2637, 2651, 2665]
.nav-pills -> [2579, 2627]
.nav-pills .nav-link -> [2588, 2602, 2616, 2637, 2651, 2665]
.navbar -> [360]
.navbar-brand -> [371]
.navbar-nav -> [455, 502]
.navbar-nav .dropdown-menu -> [637, 773]
.navbar-toggler -> [403]
.navbar > .container-xxl -> [363]
.offcanvas-body -> [449]
.offcanvas-header -> [433]
.offcanvas-header .btn-close -> [441]
.offcanvas-lg -> [427]
.offcanvas-title -> [436]
.opacity-50 -> [785, 823, 864]
.order-3 -> [403]
.overflow-hidden -> [116]
.p-0 -> [371]
.p-1 -> [2627]
.p-2 -> [122, 403]
.p-4 -> [449, 2576, 3691]
.pb-0 -> [433]
.pb-3 -> [1071]
.pb-5 -> [1126]
.pt-0 -> [449]
.px-0 -> [461, 470, 479, 490, 508, 540, 571, 617, 744]
.px-1 -> [1041, 1050]
.px-3 -> [919]
.px-4 -> [433, 4476]
.py-2 -> [461, 470, 479, 490, 508, 540, 571, 604, 617, 731, 744, 919]
.py-4 -> [4473, 4476]
.rounded-3 -> [2576, 3691]
.rounded-5 -> [919, 2627, 2637, 2651, 2665]
.row -> [1126, 1673, 2050, 2111, 2547, 3675, 4196, 4396, 4479]
.row > * -> [1129, 1275, 1548, 1676, 1798, 2053, 2111, 2114, 2293, 2550, 3424, 3678, 4183, 4199, 4215, 4231, 4247, 4263, 4279, 4295, 4311, 4327, 4343, 4359, 4375, 4399, 4459, 4482, 4550, 4599, 4640, 4697]
.shadow-sm -> [2627]
.small -> [2627, 4513]
.sticky-top -> [360]
.text-body-emphasis -> [4485]
.text-body-secondary -> [1035, 1132, 1278, 1573, 1590, 1607, 2500, 4210, 4226, 4242, 4258, 4274, 4290, 4306, 4322, 4338, 4354, 4370, 4386, 4476]
.text-center -> [910, 1548]
.text-dark -> [913]
.text-decoration-none -> [913, 1561, 1578, 1595, 4202, 4218, 4234, 4250, 4266, 4282, 4298, 4314, 4330, 4346, 4362, 4378, 4485]
.text-nowrap -> [1054]
.text-white -> [436, 607, 734]
.text-white-50 -> [452, 499, 610, 737]
.visually-hidden -> [628, 632]
.visually-hidden * -> [630, 634]
.visually-hidden-focusable -> [116]
.visually-hidden-focusable * -> [119, 121, 122, 125, 126]
.vr -> [607, 734]
[data-bs-theme="light"] -> [6]
[role="button"] -> [5325]
[type="button"] -> [403, 441, 617, 744, 779, 817, 858, 972, 1164, 1216, 1322, 1439, 1691, 1813, 2140, 2309, 2588, 2602, 2616, 2637, 2651, 2665, 2683, 3440, 3697, 3708, 3714, 3720, 3734, 4807]
[type="reset"] -> [5404, 5421]
[type="search"] -> [5384]
a -> [122, 371, 461, 470, 479, 490, 508, 540, 571, 647, 670, 678, 686, 702, 708, 714, 724, 913, 1015, 1045, 1054, 1104, 1153, 1269, 1299, 1303, 1307, 1311, 1561, 1578, 1595, 1651, 1792, 2043, 2089, 2123, 2541, 2559, 2563, 2567, 2571, 3402, 3589, 3653, 4173, 4177, 4202, 4218, 4234, 4250, 4266, 4282, 4298, 4314, 4330, 4346, 4362, 4378, 4429, 4437, 4485, 4519, 4523, 4531, 4537, 4561, 4567, 4573, 4579, 4585, 4591, 4610, 4616, 4622, 4628, 4634, 4652, 4662, 4671, 4679, 4688, 4709, 4719, 4729, 4738, 4747, 5437, 5597, 5645, 5693, 5739, 5790, 5845, 5891, 5946, 5992, 6047, 6093, 6139, 6197, 6243, 6298, 6344, 6399, 6445, 6500, 6546, 6612, 6658, 6704, 6750, 6805, 6859, 6914, 6978, 7045, 7100, 7164, 7227, 7290, 7345, 7412, 7479, 7546, 7594, 7642, 7688, 7736]
a > code -> [2126]
body -> [114]
button -> [403, 441, 617, 744, 779, 817, 858, 972, 1164, 1216, 1322, 1439, 1691, 1813, 2140, 2309, 2588, 2602, 2616, 2637, 2651, 2665, 2683, 3440, 3697, 3708, 3714, 3720, 3734, 4807, 5404, 5421]
code -> [1003, 1195, 1247, 1353, 1470, 1722, 1844, 2082, 2126, 2130, 2171, 2340, 2714, 3471, 3646, 3687, 3765]
h1 -> [948]
h2 -> [1093, 1640, 2075, 2534, 3639, 4422]
h3 -> [1146, 1292, 1679, 1801, 2117, 2296, 2553, 3427, 3681, 4186]
h4 -> [1551, 4206, 4222, 4238, 4254, 4270, 4286, 4302, 4318, 4334, 4350, 4366, 4382]
h5 -> [436, 4553, 4602, 4643, 4700]
h6 -> [641, 697]
hr -> [452, 499, 610, 693, 720, 737, 4193]
img -> [940, 1565, 1582, 1599, 4462]
input -> [5384]
kbd -> [5167, 5179, 5490, 5509, 5524, 5543]
label -> [5338]
mark -> [5619, 5667, 5761, 5764, 6162, 6591, 6597, 6603, 6774, 6828, 6882, 6937, 7001, 7004, 7068, 7123, 7187, 7250, 7313, 7368, 7371, 7435, 7438, 7502, 7505, 7568, 7616, 7710]
p -> [952, 1035, 1097, 1101, 1150, 1267, 1296, 1555, 1644, 1648, 1682, 1790, 1804, 2041, 2079, 2086, 2121, 2300, 2538, 2557, 3399, 3431, 3586, 3643, 3650, 3685, 4171, 4190, 4426, 4434, 5430, 7780]
pre -> [1001, 1193, 1245, 1351, 1468, 1720, 1842, 2169, 2338, 2712, 3469, 3763]
pre code -> [1003, 1195, 1247, 1353, 1470, 1722, 1844, 2171, 2340, 2714, 3471, 3765]
small -> [531, 562, 598, 4210, 4226, 4242, 4258, 4274, 4290, 4306, 4322, 4338, 4354, 4370, 4386]
strong -> [1038]
svg -> [129, 376, 411, 514, 546, 577, 652, 753, 785, 799, 823, 840, 864, 878, 922, 976, 1019, 1078, 1108, 1132, 1168, 1220, 1278, 1326, 1443, 1622, 1655, 1695, 1817, 2060, 2093, 2144, 2313, 2485, 2500, 2518, 2687, 3406, 3444, 3593, 3623, 3657, 3738, 4406, 4441, 4490, 4813, 5169, 5342, 5360, 5410, 5444, 5492, 5511, 5526, 5545, 5603, 5625, 5651, 5673, 5699, 5719, 5745, 5770, 5796, 5816, 5851, 5871, 5897, 5917, 5952, 5972, 5998, 6018, 6053, 6073, 6099, 6119, 6145, 6168, 6203, 6223, 6249, 6269, 6304, 6324, 6350, 6370, 6405, 6425, 6451, 6471, 6506, 6526, 6552, 6572, 6618, 6638, 6664, 6684, 6710, 6730, 6756, 6785, 6811, 6839, 6865, 6894, 6920, 6949, 6984, 7016, 7051, 7080, 7106, 7135, 7170, 7198, 7233, 7261, 7296, 7325, 7351, 7383, 7418, 7450, 7485, 7517, 7552, 7574, 7600, 7622, 7648, 7668, 7694, 7716, 7742, 7762]
ul -> [455, 502, 637, 773, 2579, 2627, 3704, 4513, 4556, 4605, 4646, 4703, 5487, 5588, 5836, 5937, 6038, 6188, 6289, 6390, 6491, 6969, 7036, 7155, 7218, 7281, 7403, 7470, 7537]
ul ul -> [637, 773]
END
[src/quad.rs:961:5] unsafe { MISS_CNT } = 3980
[src/quad.rs:962:5] unsafe { INPUT_CHANGE_COUNT } = 1678
[src/quad.rs:963:5] unsafe { INPUT_SKIP_COUNT } = 1678
