    Finished `release` profile [optimized + debuginfo] target(s) in 0.02s
     Running `target/release/tri`
7184
3433
5287
4037
2680
2287
5964
73762
9658
5045
4151
3908
3106
237380
17238
34186
1814
2634
2549
2614
3070
2377
6336
3169
3460
4481
3954
1979
1791
BEGIN
.align-items-center -> [647, 744, 779, 817, 858, 913, 919, 1015, 1558, 1561, 1578, 1595, 2050, 4396, 4485]
.bg-body-tertiary -> [4473]
.bg-primary -> [2627]
.border -> [2576, 3691]
.btn -> [617, 744, 1015, 3697]
.btn-close -> [441]
.btn-close-white -> [441]
.btn-lg -> [1015]
.btn-link -> [617, 744]
.btn-primary -> [3697]
.col-12 -> [604, 731]
.col-6 -> [458, 467, 476, 487, 505, 537, 568, 4550, 4599, 4640, 4697]
.container -> [4476]
.container-xl -> [119]
.container-xxl -> [363, 907, 1068]
.d-block -> [376, 1565, 1582, 1599, 4202, 4218, 4234, 4250, 4266, 4282, 4298, 4314, 4330, 4346, 4362, 4378, 4462, 4490]
.d-flex -> [395, 403, 647, 744, 779, 817, 858, 913, 956, 1015, 1101, 1558, 1561, 1578, 1595, 1648, 2086, 3399, 3586, 3650, 4434]
.d-inline-block -> [959, 1074, 1618, 2056, 2481, 2514, 3619, 4402]
.d-inline-flex -> [122, 4485]
.d-none -> [129, 607, 734, 799, 840, 878, 940]
.display-5 -> [1093, 1640, 2075, 2534, 3639, 4422]
.dropdown -> [614, 741, 3694]
.dropdown-divider -> [693, 720]
.dropdown-header -> [641, 697]
.dropdown-item -> [647, 670, 678, 686, 702, 708, 714, 724, 779, 817, 858, 3708, 3714, 3720]
.dropdown-menu -> [637, 773, 3704]
.dropdown-menu-end -> [637, 773]
.dropdown-toggle -> [617, 744, 3697]
.flex-column -> [913, 956, 1561, 1578, 1595, 2086]
.flex-grow-1 -> [427]
.flex-row -> [455, 502]
.flex-wrap -> [363, 455, 502, 1558]
.fs-1 -> [1078, 1622, 2060, 2485, 2518, 3623]
.fs-2 -> [1132, 1278, 2500]
.fs-5 -> [959, 4206, 4222, 4238, 4254, 4270, 4286, 4302, 4318, 4334, 4350, 4366, 4382, 4508]
.fw-normal -> [1097, 1101, 1644, 1648, 2079, 2086, 2538, 3643, 3650, 4426, 4434]
.fw-semibold -> [948, 1015, 1093, 1104, 1146, 1292, 1551, 1640, 1651, 2075, 2089, 2117, 2296, 2534, 2553, 3402, 3427, 3589, 3639, 3653, 3681, 4186, 4206, 4222, 4238, 4254, 4270, 4286, 4302, 4318, 4334, 4350, 4366, 4382, 4422, 4437]
.g-3 -> [1126, 4196, 4396]
.gap-1 -> [919]
.gap-2 -> [2627]
.gap-3 -> [956]
.gap-4 -> [1558]
.h-100 -> [607, 734]
.icon-link -> [1104, 1651, 2089, 3402, 3589, 3653, 4437]
.icon-link-hover > .bi -> [1108, 1655, 2093, 3406, 3593, 3657, 4441]
.icon-link > .bi -> [1108, 1655, 2093, 3406, 3593, 3657, 4441]
.img-fluid -> [940, 4462]
.justify-content-between -> [647]
.justify-content-center -> [913, 1015, 1126, 1558]
.lead -> [952, 1097, 1101, 1644, 1648, 2079, 2086, 2538, 3643, 3650, 4426, 4434]
.lh-1 -> [948]
.lh-sm -> [913, 1093, 1640, 2075, 2534, 3639, 4202, 4218, 4234, 4250, 4266, 4282, 4298, 4314, 4330, 4346, 4362, 4378, 4422]
.link-secondary -> [1045, 1054]
.list-unstyled -> [4513, 4556, 4605, 4646, 4703]
.m-1 -> [122]
.mb-0 -> [1035, 2086, 4206, 4222, 4238, 4254, 4270, 4286, 4302, 4318, 4334, 4350, 4366, 4382]
.mb-2 -> [919, 1132, 1278, 1565, 1582, 1599, 4199, 4215, 4231, 4247, 4263, 4279, 4295, 4311, 4327, 4343, 4359, 4375, 4485, 4516, 4528, 4544, 4559, 4565, 4571, 4577, 4583, 4589, 4608, 4614, 4620, 4626, 4632, 4649, 4659, 4669, 4677, 4685, 4706, 4716, 4726, 4736, 4744]
.mb-3 -> [903, 940, 948, 1071, 1074, 1093, 1618, 1640, 2056, 2075, 2089, 2114, 2293, 2481, 2514, 2534, 3589, 3619, 3639, 3678, 3691, 4183, 4402, 4422, 4482, 4550, 4599, 4640, 4697]
.mb-4 -> [913, 952, 956, 2576, 2579]
.mb-5 -> [1126, 1615, 1673, 2050, 2053, 2475, 2478, 3613, 3616, 4396]
.me-0 -> [371]
.me-2 -> [785, 823, 864, 919, 1019, 2481, 2500, 4490]
.ms-2 -> [531, 562, 598, 767]
.ms-auto -> [799, 840, 878]
.mt-3 -> [4462]
.mt-4 -> [1558]
.mt-5 -> [4473]
.mx-auto -> [910, 940, 1071, 1548, 4462]
.my-1 -> [376, 753]
.my-2 -> [610, 737]
.my-4 -> [4193]
.nav -> [2579, 2627]
.nav-fill .nav-item -> [2633, 2647, 2661]
.nav-fill .nav-item .nav-link -> [2637, 2651, 2665]
.nav-link -> [461, 470, 479, 490, 508, 540, 571, 617, 744, 2588, 2602, 2616, 2637, 2651, 2665]
.nav-pills -> [2579, 2627]
.nav-pills .nav-link -> [2588, 2602, 2616, 2637, 2651, 2665]
.navbar -> [360]
.navbar-brand -> [371]
.navbar-nav -> [455, 502]
.navbar-nav .dropdown-menu -> [637, 773]
.navbar-toggler -> [403]
.navbar > .container-xxl -> [363]
.offcanvas-body -> [449]
.offcanvas-header -> [433]
.offcanvas-header .btn-close -> [441]
.offcanvas-lg -> [427]
.offcanvas-title -> [436]
.opacity-50 -> [785, 823, 864]
.order-3 -> [403]
.overflow-hidden -> [116]
.p-0 -> [371]
.p-1 -> [2627]
.p-2 -> [122, 403]
.p-4 -> [449, 2576, 3691]
.pb-0 -> [433]
.pb-3 -> [1071]
.pb-5 -> [1126]
.pt-0 -> [449]
.px-0 -> [461, 470, 479, 490, 508, 540, 571, 617, 744]
.px-1 -> [1041, 1050]
.px-3 -> [919]
.px-4 -> [433, 4476]
.py-2 -> [461, 470, 479, 490, 508, 540, 571, 604, 617, 731, 744, 919]
.py-4 -> [4473, 4476]
.rounded-3 -> [2576, 3691]
.rounded-5 -> [919, 2627, 2637, 2651, 2665]
.row -> [1126, 1673, 2050, 2111, 2547, 3675, 4196, 4396, 4479]
.shadow-sm -> [2627]
.small -> [2627, 4513]
.sticky-top -> [360]
.text-body-emphasis -> [4485]
.text-body-secondary -> [1035, 1132, 1278, 1573, 1590, 1607, 2500, 4210, 4226, 4242, 4258, 4274, 4290, 4306, 4322, 4338, 4354, 4370, 4386, 4476]
.text-center -> [910, 1548]
.text-dark -> [913]
.text-decoration-none -> [913, 1561, 1578, 1595, 4202, 4218, 4234, 4250, 4266, 4282, 4298, 4314, 4330, 4346, 4362, 4378, 4485]
.text-nowrap -> [1054]
.text-white -> [436, 607, 734]
.text-white-50 -> [452, 499, 610, 737]
.visually-hidden -> [628, 632]
.visually-hidden-focusable -> [116]
.vr -> [607, 734]
a -> [122, 371, 461, 470, 479, 490, 508, 540, 571, 647, 670, 678, 686, 702, 708, 714, 724, 913, 1015, 1045, 1054, 1104, 1153, 1269, 1299, 1303, 1307, 1311, 1561, 1578, 1595, 1651, 1792, 2043, 2089, 2123, 2541, 2559, 2563, 2567, 2571, 3402, 3589, 3653, 4173, 4177, 4202, 4218, 4234, 4250, 4266, 4282, 4298, 4314, 4330, 4346, 4362, 4378, 4429, 4437, 4485, 4519, 4523, 4531, 4537, 4561, 4567, 4573, 4579, 4585, 4591, 4610, 4616, 4622, 4628, 4634, 4652, 4662, 4671, 4679, 4688, 4709, 4719, 4729, 4738, 4747, 5437, 5597, 5645, 5693, 5739, 5790, 5845, 5891, 5946, 5992, 6047, 6093, 6139, 6197, 6243, 6298, 6344, 6399, 6445, 6500, 6546, 6612, 6658, 6704, 6750, 6805, 6859, 6914, 6978, 7045, 7100, 7164, 7227, 7290, 7345, 7412, 7479, 7546, 7594, 7642, 7688, 7736]
a > code -> [2126]
body -> [114]
button -> [403, 441, 617, 744, 779, 817, 858, 972, 1164, 1216, 1322, 1439, 1691, 1813, 2140, 2309, 2588, 2602, 2616, 2637, 2651, 2665, 2683, 3440, 3697, 3708, 3714, 3720, 3734, 4807, 5404, 5421]
code -> [1003, 1195, 1247, 1353, 1470, 1722, 1844, 2082, 2126, 2130, 2171, 2340, 2714, 3471, 3646, 3687, 3765]
h1 -> [948]
h2 -> [1093, 1640, 2075, 2534, 3639, 4422]
h3 -> [1146, 1292, 1679, 1801, 2117, 2296, 2553, 3427, 3681, 4186]
h4 -> [1551, 4206, 4222, 4238, 4254, 4270, 4286, 4302, 4318, 4334, 4350, 4366, 4382]
h5 -> [436, 4553, 4602, 4643, 4700]
h6 -> [641, 697]
hr -> [452, 499, 610, 693, 720, 737, 4193]
img -> [940, 1565, 1582, 1599, 4462]
input -> [5384]
kbd -> [5167, 5179, 5490, 5509, 5524, 5543]
label -> [5338]
mark -> [5619, 5667, 5761, 5764, 6162, 6591, 6597, 6603, 6774, 6828, 6882, 6937, 7001, 7004, 7068, 7123, 7187, 7250, 7313, 7368, 7371, 7435, 7438, 7502, 7505, 7568, 7616, 7710]
p -> [952, 1035, 1097, 1101, 1150, 1267, 1296, 1555, 1644, 1648, 1682, 1790, 1804, 2041, 2079, 2086, 2121, 2300, 2538, 2557, 3399, 3431, 3586, 3643, 3650, 3685, 4171, 4190, 4426, 4434, 5430, 7780]
pre -> [1001, 1193, 1245, 1351, 1468, 1720, 1842, 2169, 2338, 2712, 3469, 3763]
pre code -> [1003, 1195, 1247, 1353, 1470, 1722, 1844, 2171, 2340, 2714, 3471, 3765]
small -> [531, 562, 598, 4210, 4226, 4242, 4258, 4274, 4290, 4306, 4322, 4338, 4354, 4370, 4386]
strong -> [1038]
svg -> [129, 376, 411, 514, 546, 577, 652, 753, 785, 799, 823, 840, 864, 878, 922, 976, 1019, 1078, 1108, 1132, 1168, 1220, 1278, 1326, 1443, 1622, 1655, 1695, 1817, 2060, 2093, 2144, 2313, 2485, 2500, 2518, 2687, 3406, 3444, 3593, 3623, 3657, 3738, 4406, 4441, 4490, 4813, 5169, 5342, 5360, 5410, 5444, 5492, 5511, 5526, 5545, 5603, 5625, 5651, 5673, 5699, 5719, 5745, 5770, 5796, 5816, 5851, 5871, 5897, 5917, 5952, 5972, 5998, 6018, 6053, 6073, 6099, 6119, 6145, 6168, 6203, 6223, 6249, 6269, 6304, 6324, 6350, 6370, 6405, 6425, 6451, 6471, 6506, 6526, 6552, 6572, 6618, 6638, 6664, 6684, 6710, 6730, 6756, 6785, 6811, 6839, 6865, 6894, 6920, 6949, 6984, 7016, 7051, 7080, 7106, 7135, 7170, 7198, 7233, 7261, 7296, 7325, 7351, 7383, 7418, 7450, 7485, 7517, 7552, 7574, 7600, 7622, 7648, 7668, 7694, 7716, 7742, 7762]
ul -> [455, 502, 637, 773, 2579, 2627, 3704, 4513, 4556, 4605, 4646, 4703, 5487, 5588, 5836, 5937, 6038, 6188, 6289, 6390, 6491, 6969, 7036, 7155, 7218, 7281, 7403, 7470, 7537]
ul ul -> [637, 773]
END
[src/tri.rs:862:5] unsafe { MISS_CNT } = 3980
[src/tri.rs:863:5] unsafe { INPUT_CHANGE_COUNT } = 1678
[src/tri.rs:864:5] unsafe { INPUT_SKIP_COUNT } = 1678
