    Finished `release` profile [optimized + debuginfo] target(s) in 0.01s
     Running `target/release/bit`
294296
69484
73595767
135615
606
78690
268
142
546
189
142
446
142
454
140
140
338
569
142
538
134
534
130
133
478
142
497
139
483
128
132
474
456
489
135
395
937
525
139
468
138
462
474
487
484
491
527
328
469
393
148
339
505
191
388
128
288
536
459
128
543
132
128
132
521
589
430
128
521
130
538
290
160
132
450
132
393
461
315
455
260
531
372
129
503
532
463
515
144
424
459
442
539
756
560
487
560
513
403
468
269
132
462
492
142
520
144
495
458
432
550
468
130
539
428
517
137
927
185
135
130
179
527
497
459
558
479
499
131
140
479
430
136
304
511
574
468
144
470
148
140
148
139
523
140
138
140
146
137
154
138
138
140
201
260
328
138
223
521
162
458
146
434
454
491
485
462
557
138
358
256
475
138
499
138
324
140
487
138
547
138
953
178
473
568
156
459
160
535
166
482
158
410
570
507
450
538
210
231
641
379
457
1723155
121
335
369
120
318
347
121
334
363
430
333
375
123
288
326
128
335
122
334
126
357
124
333
121
385
130
268
369
310
122
355
349
154
122
318
120
299
118
122
233
118
138
122
156
322
132
118
354
337
130
300
351
310
371
320
357
305
346
345
345
310
341
119
398
116
343
312
353
113
118
116
162
116
144
339
122
329
139
BEGIN
#gw-desktop-herotator -> [1600]
#gw-desktop-herotator .a-carousel-viewport -> [1634]
#icp-touch-link-cop -> [6278]
#icp-touch-link-country -> [6295]
#icp-touch-link-language -> [6252]
._cropped-image-link_style_cropped-image-link__3winf -> [1662]
.card-flow-row-break -> [2274, 2852, 3136, 3328, 3722, 3856, 4047, 4239, 4504, 4767, 4958, 5150, 5216, 5605, 5796]
.gw-auto-height -> [2945, 3143, 3862, 4054, 4773, 4965, 5611]
.gw-card-layout -> [1814, 2940]
.gw-card-layout .a-cardui -> [1844, 1906, 2035, 2164, 2303, 2484, 2613, 2742, 2867, 3354, 3483, 3612, 3746, 4265, 4394, 4528, 4657, 5176, 5239, 5367, 5495]
.gw-card-layout .a-cardui .a-cardui-body -> [2324]
.gw-card-layout .a-cardui .a-cardui-footer -> [1866, 1994, 2123, 2252, 2444, 2572, 2701, 2830, 2889, 3442, 3571, 3700, 3834, 4353, 4482, 4616, 4745, 5198, 5327, 5455, 5583]
.gw-card-layout .a-cardui .a-cardui-header -> [1849, 1911, 2040, 2169, 2308, 2489, 2618, 2747, 2872, 3359, 3488, 3617, 3751, 4270, 4399, 4533, 4662, 5181, 5244, 5372, 5500]
.gw-card-layout .a-size-base-plus -> [2343, 2374, 2403, 2432]
.gw-card-layout .a-size-small -> [1935, 1953, 1973, 1991, 2064, 2082, 2102, 2120, 2193, 2211, 2231, 2249, 2513, 2531, 2551, 2569, 2642, 2660, 2680, 2698, 2771, 2789, 2809, 2827, 3383, 3401, 3421, 3439, 3512, 3530, 3550, 3568, 3641, 3659, 3679, 3697, 3775, 3793, 3813, 3831, 4294, 4312, 4332, 4350, 4423, 4441, 4461, 4479, 4557, 4575, 4595, 4613, 4686, 4704, 4724, 4742, 5268, 5286, 5306, 5324, 5396, 5414, 5434, 5452, 5524, 5542, 5562, 5580]
.gw-card-layout h2 -> [1851, 1913, 2042, 2171, 2310, 2491, 2620, 2749, 2874, 2978, 3173, 3361, 3490, 3619, 3753, 3892, 4084, 4272, 4401, 4535, 4664, 4803, 4995, 5183, 5246, 5374, 5502, 5641]
.gw-col -> [1822, 1884, 2016, 2145, 2281, 2465, 2594, 2723, 2859, 2945, 3143, 3335, 3464, 3593, 3727, 3862, 4054, 4246, 4375, 4509, 4638, 4773, 4965, 5157, 5221, 5349, 5477, 5611]
.nav-sprite-v1 .nav-icon -> [910, 1234, 1268, 1287, 1323]
.nav-sprite-v1 .nav-sprite -> [771, 774, 804, 898, 1164, 1167, 1306, 1340, 1361, 6237, 6833]
.truncate-2line -> [1851, 1913, 1935, 1953, 1973, 1991, 2042, 2064, 2082, 2102, 2120, 2171, 2193, 2211, 2231, 2249, 2491, 2513, 2531, 2551, 2569, 2620, 2642, 2660, 2680, 2698, 2749, 2771, 2789, 2809, 2827, 2874, 3361, 3383, 3401, 3421, 3439, 3490, 3512, 3530, 3550, 3568, 3619, 3641, 3659, 3679, 3697, 3753, 3775, 3793, 3813, 3831, 4272, 4294, 4312, 4332, 4350, 4401, 4423, 4441, 4461, 4479, 4535, 4557, 4575, 4595, 4613, 4664, 4686, 4704, 4724, 4742, 5183, 5246, 5268, 5286, 5306, 5324, 5374, 5396, 5414, 5434, 5452, 5502, 5524, 5542, 5562, 5580]
span -> [477, 485, 489, 493, 521, 529, 533, 537, 541, 545, 573, 581, 585, 589, 593, 597, 625, 633, 637, 641, 645, 649, 676, 684, 688, 692, 696, 700, 727, 771, 774, 778, 791, 811, 816, 905, 1167, 1176, 1213, 1216, 1220, 1223, 1258, 1263, 1280, 1284, 1287, 1300, 1306, 1314, 1319, 1323, 1364, 1629, 1756, 1760, 1799, 1868, 1874, 1877, 1935, 1953, 1973, 1991, 2000, 2006, 2009, 2064, 2082, 2102, 2120, 2129, 2135, 2138, 2193, 2211, 2231, 2249, 2258, 2264, 2267, 2312, 2318, 2321, 2341, 2343, 2349, 2352, 2372, 2374, 2380, 2383, 2401, 2403, 2409, 2412, 2430, 2432, 2438, 2441, 2449, 2455, 2458, 2513, 2531, 2551, 2569, 2578, 2584, 2587, 2642, 2660, 2680, 2698, 2707, 2713, 2716, 2771, 2789, 2809, 2827, 2836, 2842, 2845, 2891, 2897, 2900, 2980, 2983, 2995, 3009, 3023, 3037, 3051, 3065, 3079, 3101, 3108, 3110, 3112, 3114, 3175, 3178, 3190, 3204, 3218, 3232, 3246, 3260, 3274, 3296, 3303, 3305, 3307, 3309, 3383, 3401, 3421, 3439, 3448, 3454, 3457, 3512, 3530, 3550, 3568, 3577, 3583, 3586, 3641, 3659, 3679, 3697, 3706, 3712, 3715, 3775, 3793, 3813, 3831, 3840, 3846, 3849, 3894, 3897, 3909, 3923, 3937, 3951, 3965, 3979, 3993, 4015, 4022, 4024, 4026, 4028, 4086, 4089, 4101, 4115, 4129, 4143, 4157, 4171, 4185, 4207, 4214, 4216, 4218, 4220, 4294, 4312, 4332, 4350, 4359, 4365, 4368, 4423, 4441, 4461, 4479, 4488, 4494, 4497, 4557, 4575, 4595, 4613, 4622, 4628, 4631, 4686, 4704, 4724, 4742, 4751, 4757, 4760, 4805, 4808, 4820, 4834, 4848, 4862, 4876, 4890, 4904, 4926, 4933, 4935, 4937, 4939, 4997, 5000, 5012, 5026, 5040, 5054, 5068, 5082, 5096, 5118, 5125, 5127, 5129, 5131, 5200, 5206, 5209, 5268, 5286, 5306, 5324, 5333, 5339, 5342, 5396, 5414, 5434, 5452, 5461, 5467, 5470, 5524, 5542, 5562, 5580, 5589, 5595, 5598, 5643, 5646, 5658, 5672, 5686, 5700, 5714, 5728, 5742, 5764, 5771, 5773, 5775, 5777, 5909, 5933, 6083, 6227, 6243, 6263, 6283, 6286, 6302, 6304, 6330, 6348, 6368, 6386, 6404, 6422, 6438, 6454, 6472, 6490, 6508, 6526, 6544, 6562, 6578, 6596, 6614, 6632, 6650, 6668, 6686, 6712, 6730, 6748, 6766, 6782, 6833, 6837, 7574, 7588, 7602, 7616, 7630, 7644, 7658, 7672, 7686]
END
[src/bit.rs:421:5] unsafe { MISS_CNT } = 2414
