    Finished `release` profile [optimized + debuginfo] target(s) in 0.02s
     Running `target/release/quad`
3928
3626
21541
6266
3569
3834
3996
5331
4843
5011
6262
3772
4777
5348
4096
3716
3822
4122
3845
4220
4325
5431
3991
4222
4294
4088
3983
3808
4364
4084
4386
4264
4141
4414
3867
4537
4005
3741
4872
3729
5270
4435
5461
3618
4415
4361
3571
4204
3895
3919
4423
3873
3853
3912
4396
3788
4155
3985
4135
4380
4947
3664
4620
4121
4265
5751
3713
22407
4802
3630
4431
4256
4063
4378
4822
4631
4143
4064
4749
3548
3790
4760
4980
5191
4209
4187
4025
3758
4046
5010
4078
4076
4028
3529
4110
4370
3867
4295
4646
3504
3840
4086
5152
5260
3975
4378
4419
4398
4500
3308
4033
4508
4440
3739
4347
4246
4467
4319
3952
3830
4279
3973
4114
3725
4709
4490
4422
4510
3330
3599
3985
3802
3869
3737
3626
3907
2993
3332
3630
3867
3453
4110
3182
3978
3755
4575
3406
4625
3311
3705
3696
4092
3754
4140
3693
4534
5605
3561
3536
3869
4234
4358
3634
3212
3435
4199
4453
3902
4303
3565
3812
3451
4058
3847
4351
3684
4132
4260
3299
3606
4051
4313
4080
4538
3216
3670
3879
3508
3629
3369
3928
3968
5420
3694
4582
3913
3699
3838
4256
3339
3170
4199
4702
4206
3930
4214
4623
3905
4017
3604
4725
4417
4250
3358
4972
3800
4127
4492
4433
4749
4429
3585
3727
4137
3883
4110
3800
4305
4459
5268
5520
3635
3819
4834
4161
4637
4163
3526
4153
4062
4376
4094
4664
3950
4212
3569
4246
3565
4703
3977
4097
3704
4307
4751
3914
3729
4394
3528
4484
3994
3752
3944
4546
5398
4055
4326
3779
3423
4232
3841
4108
4719
3827
3530
3790
3981
4337
4137
3942
3792
3429
BEGIN
#gw-desktop-herotator -> [1600]
#gw-desktop-herotator .a-carousel-viewport -> [1634]
#icp-touch-link-cop -> [6278]
#icp-touch-link-country -> [6295]
#icp-touch-link-language -> [6252]
._cropped-image-link_style_cropped-image-link__3winf -> [1662]
.gw-card-layout -> [1814, 2940]
.gw-card-layout .a-cardui -> [1844, 1906, 2035, 2164, 2303, 2484, 2613, 2742, 2867, 3354, 3483, 3612, 3746, 4265, 4394, 4528, 4657, 5176, 5239, 5367, 5495]
.gw-card-layout .a-cardui .a-cardui-body -> [2324]
.gw-card-layout .a-cardui .a-cardui-footer -> [1866, 1994, 2123, 2252, 2444, 2572, 2701, 2830, 2889, 3442, 3571, 3700, 3834, 4353, 4482, 4616, 4745, 5198, 5327, 5455, 5583]
.gw-card-layout .a-cardui .a-cardui-header -> [1849, 1911, 2040, 2169, 2308, 2489, 2618, 2747, 2872, 3359, 3488, 3617, 3751, 4270, 4399, 4533, 4662, 5181, 5244, 5372, 5500]
.gw-card-layout .a-size-base-plus -> [2343, 2374, 2403, 2432]
.gw-card-layout .a-size-small -> [1935, 1953, 1973, 1991, 2064, 2082, 2102, 2120, 2193, 2211, 2231, 2249, 2513, 2531, 2551, 2569, 2642, 2660, 2680, 2698, 2771, 2789, 2809, 2827, 3383, 3401, 3421, 3439, 3512, 3530, 3550, 3568, 3641, 3659, 3679, 3697, 3775, 3793, 3813, 3831, 4294, 4312, 4332, 4350, 4423, 4441, 4461, 4479, 4557, 4575, 4595, 4613, 4686, 4704, 4724, 4742, 5268, 5286, 5306, 5324, 5396, 5414, 5434, 5452, 5524, 5542, 5562, 5580]
.gw-card-layout [data-order-ws="1"] -> [1822]
.gw-card-layout [data-order-ws="10"] -> [2852, 4773, 4958]
.gw-card-layout [data-order-ws="11"] -> [4965, 5150]
.gw-card-layout [data-order-ws="12"] -> [5157, 5221, 5349, 5477, 5605]
.gw-card-layout [data-order-ws="13"] -> [5611, 5796]
.gw-card-layout [data-order-ws="2"] -> [1884, 2945, 3136]
.gw-card-layout [data-order-ws="3"] -> [2016, 3143, 3328]
.gw-card-layout [data-order-ws="4"] -> [2145, 3335, 3464, 3593, 3727, 3856]
.gw-card-layout [data-order-ws="5"] -> [2274, 3862, 4047]
.gw-card-layout [data-order-ws="6"] -> [2281]
.gw-card-layout [data-order-ws="7"] -> [2465, 4054, 4239]
.gw-card-layout [data-order-ws="8"] -> [2594]
.gw-card-layout [data-order-ws="9"] -> [2723, 4246, 4375, 4509, 4638, 4767]
.gw-card-layout h2 -> [1851, 1913, 2042, 2171, 2310, 2491, 2620, 2749, 2874, 2978, 3173, 3361, 3490, 3619, 3753, 3892, 4084, 4272, 4401, 4535, 4664, 4803, 4995, 5183, 5246, 5374, 5502, 5641]
.nav-sprite-v1 .nav-icon -> [910, 1234, 1268, 1287, 1323]
.nav-sprite-v1 .nav-sprite -> [771, 774, 804, 898, 1164, 1167, 1306, 1340, 1361, 6237, 6833]
.truncate-2line -> [1851, 1913, 1935, 1953, 1973, 1991, 2042, 2064, 2082, 2102, 2120, 2171, 2193, 2211, 2231, 2249, 2491, 2513, 2531, 2551, 2569, 2620, 2642, 2660, 2680, 2698, 2749, 2771, 2789, 2809, 2827, 2874, 3361, 3383, 3401, 3421, 3439, 3490, 3512, 3530, 3550, 3568, 3619, 3641, 3659, 3679, 3697, 3753, 3775, 3793, 3813, 3831, 4272, 4294, 4312, 4332, 4350, 4401, 4423, 4441, 4461, 4479, 4535, 4557, 4575, 4595, 4613, 4664, 4686, 4704, 4724, 4742, 5183, 5246, 5268, 5286, 5306, 5324, 5374, 5396, 5414, 5434, 5452, 5502, 5524, 5542, 5562, 5580]
END
[src/quad.rs:961:5] unsafe { MISS_CNT } = 3757
[src/quad.rs:962:5] unsafe { INPUT_CHANGE_COUNT } = 3899
[src/quad.rs:963:5] unsafe { INPUT_SKIP_COUNT } = 3899
