    Finished `release` profile [optimized + debuginfo] target(s) in 0.01s
     Running `target/release/tri`
325586
156
842
229
1469216
674368
2940431
981304
955136
981961
1103694
1059910
1572343
1032796
1025469
1032625
1180390
1009422
18526058
1157839
1040378
1102418
1046727
1233838
1060013
8536436
1484297
1651449
1639740
1634659
1814255
1024721
6372438
1649579
1650327
1661459
1658736
1697288
1660852
1993131
1642496
1667588
1108055
1250322
1116437
1317744
1292589
1075737
1090350
1111969
1431674
2013822
1696917
1681007
1670801
1729224
1718714
2021604
1838142
1878928
1726248
1787287
1750272
2078693
1769403
1729605
1724386
1843990
1708910
2051018
1860983
1764408
1549729
1766348
1760634
3007925
1680708
1694946
1697260
1828555
1698395
2101082
1768333
1779719
1793289
1786032
1838657
1371871
1221385
1131719
1140067
1153418
1137064
1302819
1150555
1166550
1197885
1179524
1176231
1333878
1137190
1133092
1148171
1343141
1213299
1351315
1268998
1160621
1169545
1139548
1151822
1342105
1152175
1165189
1125183
1155941
1152576
4172690
1166347
1156318
1162602
1127619
1318335
1122919
1360106
1140445
1136541
1135740
1146696
1135312
3487494
1162580
1103308
1115367
1272544
1118979
1651860
1091314
1117494
1115521
1320547
1123460
1894080
1034923
1060477
1069543
1056629
1053193
1219824
1025910
1048654
1024387
1061540
1051125
1211765
1060442
1040134
1026593
1091520
1024357
1225597
1067508
1056210
1066498
1079930
1061511
1217437
1029344
1061736
1053236
1063197
1023780
1772764
1001755
999881
1026020
1060704
1011265
1226195
998691
1020305
1014403
1015494
1079155
1183434
1020371
1031941
997188
1051447
1187912
1311342
1116933
1085865
1429565
1110151
1092599
1254028
1084609
1081693
1082272
1098029
1066714
1135213
1103756
1100086
1093836
1082688
1091874
1093694
2498444
1092615
1088727
1150131
1085927
1077295
1832212
1108542
1088176
1096787
1083839
1085340
1259844
1063650
1085709
1086066
1122805
1090736
1851442
1085747
1073017
1075708
1069295
1056417
1271352
1074577
1290088
1086790
1086100
1069559
1846381
1061819
1083922
1110924
1076203
1083087
1232467
1092336
1054414
1059647
1159822
1090689
1833819
1065138
1082642
1083328
1100508
1131881
1217581
1101435
1088912
1097316
1068586
1072814
1242774
1104277
1102627
1082340
1120150
1084202
1260862
1082544
1090005
1086212
1130697
1086974
1247219
1040984
1040564
1056900
1064915
1050640
BEGIN
#gw-desktop-herotator -> [1600]
#gw-desktop-herotator .a-carousel-viewport -> [1634]
#icp-touch-link-cop -> [6278]
#icp-touch-link-country -> [6295]
#icp-touch-link-language -> [6252]
._cropped-image-link_style_cropped-image-link__3winf -> [1662]
.gw-card-layout -> [1814, 2940]
.gw-card-layout .a-cardui -> [1844, 1906, 2035, 2164, 2303, 2484, 2613, 2742, 2867, 3354, 3483, 3612, 3746, 4265, 4394, 4528, 4657, 5176, 5239, 5367, 5495]
.gw-card-layout .a-cardui .a-cardui-body -> [2324]
.gw-card-layout .a-cardui .a-cardui-footer -> [1866, 1994, 2123, 2252, 2444, 2572, 2701, 2830, 2889, 3442, 3571, 3700, 3834, 4353, 4482, 4616, 4745, 5198, 5327, 5455, 5583]
.gw-card-layout .a-cardui .a-cardui-header -> [1849, 1911, 2040, 2169, 2308, 2489, 2618, 2747, 2872, 3359, 3488, 3617, 3751, 4270, 4399, 4533, 4662, 5181, 5244, 5372, 5500]
.gw-card-layout .a-size-base-plus -> [2343, 2374, 2403, 2432]
.gw-card-layout .a-size-small -> [1935, 1953, 1973, 1991, 2064, 2082, 2102, 2120, 2193, 2211, 2231, 2249, 2513, 2531, 2551, 2569, 2642, 2660, 2680, 2698, 2771, 2789, 2809, 2827, 3383, 3401, 3421, 3439, 3512, 3530, 3550, 3568, 3641, 3659, 3679, 3697, 3775, 3793, 3813, 3831, 4294, 4312, 4332, 4350, 4423, 4441, 4461, 4479, 4557, 4575, 4595, 4613, 4686, 4704, 4724, 4742, 5268, 5286, 5306, 5324, 5396, 5414, 5434, 5452, 5524, 5542, 5562, 5580]
.gw-card-layout [data-order-ws="1"] -> [1822]
.gw-card-layout [data-order-ws="10"] -> [2852, 4773, 4958]
.gw-card-layout [data-order-ws="11"] -> [4965, 5150]
.gw-card-layout [data-order-ws="12"] -> [5157, 5221, 5349, 5477, 5605]
.gw-card-layout [data-order-ws="13"] -> [5611, 5796]
.gw-card-layout [data-order-ws="2"] -> [1884, 2945, 3136]
.gw-card-layout [data-order-ws="3"] -> [2016, 3143, 3328]
.gw-card-layout [data-order-ws="4"] -> [2145, 3335, 3464, 3593, 3727, 3856]
.gw-card-layout [data-order-ws="5"] -> [2274, 3862, 4047]
.gw-card-layout [data-order-ws="6"] -> [2281]
.gw-card-layout [data-order-ws="7"] -> [2465, 4054, 4239]
.gw-card-layout [data-order-ws="8"] -> [2594]
.gw-card-layout [data-order-ws="9"] -> [2723, 4246, 4375, 4509, 4638, 4767]
.gw-card-layout h2 -> [1851, 1913, 2042, 2171, 2310, 2491, 2620, 2749, 2874, 2978, 3173, 3361, 3490, 3619, 3753, 3892, 4084, 4272, 4401, 4535, 4664, 4803, 4995, 5183, 5246, 5374, 5502, 5641]
.nav-sprite-v1 .nav-icon -> [910, 1234, 1268, 1287, 1323]
.nav-sprite-v1 .nav-sprite -> [771, 774, 804, 898, 1164, 1167, 1306, 1340, 1361, 6237, 6833]
.truncate-2line -> [1851, 1913, 1935, 1953, 1973, 1991, 2042, 2064, 2082, 2102, 2120, 2171, 2193, 2211, 2231, 2249, 2491, 2513, 2531, 2551, 2569, 2620, 2642, 2660, 2680, 2698, 2749, 2771, 2789, 2809, 2827, 2874, 3361, 3383, 3401, 3421, 3439, 3490, 3512, 3530, 3550, 3568, 3619, 3641, 3659, 3679, 3697, 3753, 3775, 3793, 3813, 3831, 4272, 4294, 4312, 4332, 4350, 4401, 4423, 4441, 4461, 4479, 4535, 4557, 4575, 4595, 4613, 4664, 4686, 4704, 4724, 4742, 5183, 5246, 5268, 5286, 5306, 5324, 5374, 5396, 5414, 5434, 5452, 5502, 5524, 5542, 5562, 5580]
END
[src/tri.rs:603:5] unsafe { MISS_CNT } = 2096
